1988, 0.0205974619486;
1989, 0.0206168265321;
1990, 0.0208492015337;
1991, 0.0212558577865;
1992, 0.022062715431;
1993, 0.0223338195995;
1994, 0.0226630175185;
1995, 0.0226242883516;
1996, 0.0228114793251;
1997, 0.0224241876557;
1998, 0.0227211112689;
1999, 0.0229663959928;
2000, 0.0231084029383;
2001, 0.0226178334904;
2002, 0.0221789029318;
2003, 0.0220433508475;
2004, 0.0213139515369;
2005, 0.0208750209783;
2006, 0.0202553543073;
2007, 0.0195259549967;
2008, 0.0185900001291;
2009, 0.018047791792;
2010, 0.0173958508152;
2011, 0.0172022049806;
2012, 0.0170472883128;
2013, 0.0165244445592;
2014, 0.016350163308;
