1988, 0.00061966667097;
1989, 0.000735854171777;
1990, 0.000664850699061;
1991, 0.000677760421373;
1992, 0.000677760421373;
1993, 0.00065194097675;
1994, 0.000735854171777;
1995, 0.000703579865997;
1996, 0.000761673616401;
1997, 0.000800402783336;
1998, 0.000910135422987;
1999, 0.000903680561831;
2000, 0.00113605556344;
2001, 0.00128451737003;
2002, 0.00137488542621;
2003, 0.0015233472328;
2004, 0.00157498612205;
2005, 0.00181381598482;
2006, 0.00187836459638;
2007, 0.00211073959799;
2008, 0.00220110765417;
2009, 0.00233020487729;
2010, 0.00237538890538;
2011, 0.00248512154504;
2012, 0.00254321529544;
2013, 0.00269813196318;
2014, 0.00278850001936;
