1988, 0.00175572223441;
1989, 0.00182027084597;
1990, 0.00193645834678;
1991, 0.00203973612528;
1992, 0.00214301390377;
1993, 0.00223983682111;
1994, 0.00229147571036;
1995, 0.00243993751694;
1996, 0.0024463923781;
1997, 0.00258194446237;
1998, 0.00268522224087;
1999, 0.00289177779786;
2000, 0.00316933682756;
2001, 0.00346626044074;
2002, 0.00360826738617;
2003, 0.00370509030351;
2004, 0.00376318405391;
2005, 0.00387291669356;
2006, 0.00407947225055;
2007, 0.0041311111398;
2008, 0.00433121183563;
2009, 0.00437639586372;
2010, 0.0045700416984;
2011, 0.00471204864383;
2012, 0.00490569447851;
2013, 0.00507352086857;
2014, 0.0053317153148;
