1988, 0.0734885942603;
1989, 0.0743922748222;
1990, 0.0751345838551;
1991, 0.0765030144202;
1992, 0.0783813790165;
1993, 0.0799370005551;
1994, 0.0816862679284;
1995, 0.0838099172487;
1996, 0.0835129936355;
1997, 0.0834032609959;
1998, 0.0827965040472;
1999, 0.0832289797446;
2000, 0.0833387123843;
2001, 0.0825705839067;
2002, 0.0813054311202;
2003, 0.0809891429235;
2004, 0.0816991776507;
2005, 0.0812279727863;
2006, 0.0801048269452;
2007, 0.0789106776313;
2008, 0.0778520804018;
2009, 0.0764449206698;
2010, 0.0765030144202;
2011, 0.0763674623359;
2012, 0.0764255560863;
2013, 0.0756638824699;
2014, 0.0747408373246;
