1988, 0.00458940628187;
1989, 0.00452485767031;
1990, 0.00469913892152;
1991, 0.004511947948;
1992, 0.00444094447528;
1993, 0.0044538541976;
1994, 0.00458295142071;
1995, 0.004511947948;
1996, 0.00465395489343;
1997, 0.00472495836615;
1998, 0.00496378822892;
1999, 0.00502833684047;
2000, 0.00525425698093;
2001, 0.00553181601064;
2002, 0.00568027781722;
2003, 0.00590619795768;
2004, 0.0060933889312;
2005, 0.00637740282207;
2006, 0.00666787157408;
2007, 0.0073391771343;
2008, 0.00780392713753;
2009, 0.00840422922503;
2010, 0.00875279172745;
2011, 0.00923690631415;
2012, 0.00957255909425;
2013, 0.00977911465124;
2014, 0.00992757645783;
