1988, 0.00305960418791;
1989, 0.0032080659945;
1990, 0.00325325002259;
1991, 0.00340816669033;
1992, 0.00348562502421;
1993, 0.0036469965531;
1994, 0.00387291669356;
1995, 0.00408592711171;
1996, 0.00989530215205;
1997, 0.0121093195285;
1998, 0.0128258091168;
1999, 0.0131743716193;
2000, 0.0138779514853;
2001, 0.0141748750984;
2002, 0.0144976181562;
2003, 0.0145879862124;
2004, 0.0144137049612;
2005, 0.0144653438505;
2006, 0.0143685209331;
2007, 0.0142136042654;
2008, 0.0139231355134;
2009, 0.0135745730109;
2010, 0.0134648403713;
2011, 0.0135164792605;
2012, 0.013619757039;
2013, 0.0140135035695;
2014, 0.0144201598224;
