1988, 0.000981138895702;
1989, 0.00096822917339;
1990, 0.000897225700675;
1991, 0.000852041672584;
1992, 0.000787493061024;
1993, 0.000768128477556;
1994, 0.000716489588309;
1995, 0.000710034727153;
1996, 0.000710034727153;
1997, 0.000768128477556;
1998, 0.000748763894089;
1999, 0.000806857644492;
2000, 0.000877861117207;
2001, 0.000864951394895;
2002, 0.00079394792218;
2003, 0.000897225700675;
2004, 0.000755218755245;
2005, 0.000710034727153;
2006, 0.000768128477556;
2007, 0.000819767366804;
2008, 0.000781038199868;
2009, 0.000787493061024;
2010, 0.000819767366804;
2011, 0.000897225700675;
2012, 0.000819767366804;
2013, 0.000742309032933;
2014, 0.000787493061024;
