1988, 0.00688733685338;
1989, 0.00722298963349;
1990, 0.00738436116239;
1991, 0.00768773963672;
1992, 0.00797820838874;
1993, 0.00817830908457;
1994, 0.00864951394895;
1995, 0.00906907992409;
1996, 0.00952737506616;
1997, 0.0197260556925;
1998, 0.0207330140329;
1999, 0.0214495036212;
2000, 0.0218819793186;
2001, 0.022475826545;
2002, 0.0225920140458;
2003, 0.0227082015466;
2004, 0.022437097378;
2005, 0.0221143543202;
2006, 0.0218819793186;
2007, 0.0212623126477;
2008, 0.0206813751436;
2009, 0.0204877293089;
2010, 0.0202295348627;
2011, 0.0202295348627;
2012, 0.0203005383354;
2013, 0.0206878300048;
2014, 0.0209782987568;
