1988, 0.0337976530125;
1989, 0.0333006287035;
1990, 0.0329585210622;
1991, 0.0330876182853;
1992, 0.0331908960638;
1993, 0.0333845418985;
1994, 0.0333264481481;
1995, 0.0333329030093;
1996, 0.0334361807878;
1997, 0.0329133370341;
1998, 0.0327713300887;
1999, 0.0325583196705;
2000, 0.032990795368;
2001, 0.0328487884226;
2002, 0.0327261460606;
2003, 0.0532396948142;
2004, 0.0518002607764;
2005, 0.0502769135436;
2006, 0.0485599204761;
2007, 0.0467912885194;
2008, 0.0450162017015;
2009, 0.0436348614141;
2010, 0.0410077329237;
2011, 0.039490840552;
2012, 0.0379868579027;
2013, 0.03696698984;
2014, 0.0363344134468;
