1988, 0.0932727437033;
1989, 0.0960676985838;
1990, 0.100812021533;
1991, 0.105046410452;
1992, 0.110571771601;
1993, 0.117465563316;
1994, 0.125146848091;
1995, 0.132363382864;
1996, 0.139257174578;
1997, 0.146660900324;
1998, 0.151973251055;
1999, 0.157233962897;
2000, 0.162126747654;
2001, 0.164269761557;
2002, 0.165037890035;
2003, 0.163876015027;
2004, 0.160874504589;
2005, 0.157885903874;
2006, 0.154961851771;
2007, 0.152638101754;
2008, 0.150152980209;
2009, 0.14730638644;
2010, 0.143594841275;
2011, 0.141923032236;
2012, 0.139128077355;
2013, 0.136455764836;
2014, 0.135222886356;
