1988, 0.021856159874;
1989, 0.0220820800145;
1990, 0.0224112779334;
1991, 0.0221918126541;
1992, 0.0223660939053;
1993, 0.022643652935;
1994, 0.0225016459896;
1995, 0.0226371980739;
1996, 0.0228631182143;
1997, 0.0224048230723;
1998, 0.0224951911284;
1999, 0.0230180348821;
2000, 0.023431145996;
2001, 0.0244510140587;
2002, 0.0256968022618;
2003, 0.0266650314352;
2004, 0.0279108196383;
2005, 0.0289500522844;
2006, 0.0298214585404;
2007, 0.0303507571552;
2008, 0.0312286182724;
2009, 0.031499722441;
2010, 0.0320677502227;
2011, 0.0320483856392;
2012, 0.0317966460541;
2013, 0.0313060766063;
2014, 0.0305185835453;
