1988, 0.00838486464156;
1989, 0.00871406256051;
1990, 0.00877215631092;
1991, 0.00881088547785;
1992, 0.00915944798027;
1993, 0.0093014549257;
1994, 0.00935954867611;
1995, 0.00961128826119;
1996, 0.00999857993055;
1997, 0.0101664063206;
1998, 0.0104826945172;
1999, 0.0106827952131;
2000, 0.0107667084081;
2001, 0.0110571771601;
2002, 0.0115348368857;
2003, 0.0119479479996;
2004, 0.0124320625863;
2005, 0.013245375092;
2006, 0.0134583855101;
2007, 0.0149042744091;
2008, 0.0158918681659;
2009, 0.0167116355327;
2010, 0.0176282258169;
2011, 0.0182027084597;
2012, 0.0188611042976;
2013, 0.0195195001356;
2014, 0.0202682640296;
