1988, 0.0361924065013;
1989, 0.0348175210751;
1990, 0.0336750106505;
1991, 0.0329004273118;
1992, 0.0320742050838;
1993, 0.0317579168872;
1994, 0.0313964446625;
1995, 0.0313383509121;
1996, 0.0311640696609;
1997, 0.0312867120228;
1998, 0.0316804585533;
1999, 0.0321064793896;
2000, 0.032868153006;
2001, 0.0327648752275;
2002, 0.032784239811;
2003, 0.0325712293929;
2004, 0.0318418300822;
2005, 0.0308477814642;
2006, 0.0291178786744;
2007, 0.0279301842217;
2008, 0.0267618543525;
2009, 0.0264003821278;
2010, 0.0257678057345;
2011, 0.0253611494817;
2012, 0.0246575696157;
2013, 0.0244768335033;
2014, 0.0243993751694;
