1988, 0.0221208091814;
1989, 0.0228824827978;
1990, 0.0237022501646;
1991, 0.0244058300306;
1992, 0.025083590452;
1993, 0.0255741598998;
1994, 0.0254644272602;
1995, 0.0256193439279;
1996, 0.0255225210106;
1997, 0.0252836911478;
1998, 0.0248899446173;
1999, 0.0247866668388;
2000, 0.0335846425943;
2001, 0.0337847432902;
2002, 0.0344431391281;
2003, 0.0348046113528;
2004, 0.0356050141361;
2005, 0.0364376912253;
2006, 0.0370960870632;
2007, 0.038328965544;
2008, 0.0387291669356;
2009, 0.0391616426331;
2010, 0.0397038509702;
2011, 0.0405623475039;
2012, 0.040814087089;
2013, 0.0412401079253;
2014, 0.0406268961155;
