1988, 0.0199648855553;
1989, 0.0190676598546;
1990, 0.0183124410994;
1991, 0.0177379584565;
1992, 0.0171570209525;
1993, 0.0166535417823;
1994, 0.0162597952518;
1995, 0.0161242431675;
1996, 0.0158015001097;
1997, 0.0157821355263;
1998, 0.015646583442;
1999, 0.0155755799693;
2000, 0.015149559133;
2001, 0.0151560139941;
2002, 0.0149688230206;
2003, 0.0152592917726;
2004, 0.0155433056635;
2005, 0.0152076528834;
2006, 0.0150914653826;
2007, 0.0146848091298;
2008, 0.0143878855166;
2009, 0.0146589896851;
2010, 0.0147235382967;
2011, 0.0146331702405;
2012, 0.0143168820439;
2013, 0.0144201598224;
2014, 0.0145169827397;
