1988, 0.000193645834678;
1989, 0.000187190973522;
1990, 0.000180736112366;
1991, 0.000180736112366;
1992, 0.000232375001614;
1993, 0.000245284723926;
1994, 0.00020655555699;
1995, 0.000225920140458;
1996, 0.00020655555699;
1997, 0.000180736112366;
1998, 0.000277559029705;
1999, 0.00020655555699;
2000, 0.000193645834678;
2001, 0.000193645834678;
2002, 0.000167826390054;
2003, 0.000187190973522;
2004, 0.000225920140458;
2005, 0.000290468752017;
2006, 0.000264649307393;
2007, 0.000258194446237;
2008, 0.000303378474329;
2009, 0.000329197918953;
2010, 0.000290468752017;
2011, 0.000309833335485;
2012, 0.000355017363577;
2013, 0.000426020836292;
2014, 0.000400201391668;
