1988, 0.00786202088793;
1989, 0.00767482991441;
1990, 0.00713262157731;
1991, 0.00669369101871;
1992, 0.00632576393282;
1993, 0.00628703476588;
1994, 0.00577710073456;
1995, 0.00569964240069;
1996, 0.00555118059411;
1997, 0.00539626392636;
1998, 0.00518325350822;
1999, 0.00538980906521;
2000, 0.00538335420405;
2001, 0.00555763545526;
2002, 0.00567382295607;
2003, 0.00590619795768;
2004, 0.00611920837583;
2005, 0.00622894101548;
2006, 0.0061966667097;
2007, 0.006416131989;
2008, 0.00662268754599;
2009, 0.00656459379559;
2010, 0.00670660074102;
2011, 0.00675178476911;
2012, 0.00667432643524;
2013, 0.00666787157408;
2014, 0.00659686810137;
