1988, 0.00227211112689;
1989, 0.00230438543267;
1990, 0.00238184376654;
1991, 0.00247866668388;
1992, 0.00269813196318;
1993, 0.00286595835324;
1994, 0.00292405210364;
1995, 0.00300796529867;
1996, 0.00307251391023;
1997, 0.0031499722441;
1998, 0.00330488891184;
1999, 0.00354371877461;
2000, 0.00373736460929;
2001, 0.00409883683402;
2002, 0.00411820141749;
2003, 0.00420211461251;
2004, 0.00434412155795;
2005, 0.00442157989182;
2006, 0.00450549308684;
2007, 0.00470559378268;
2008, 0.00470559378268;
2009, 0.00480241670002;
2010, 0.00502833684047;
2011, 0.00504124656279;
2012, 0.0052736215644;
2013, 0.00533817017596;
2014, 0.00553181601064;
