1988, 0.0095661042331;
1989, 0.00914653825796;
1990, 0.00895289242328;
1991, 0.0088625243671;
1992, 0.00875279172745;
1993, 0.0089658021456;
1994, 0.00903680561831;
1995, 0.00911426395218;
1996, 0.00914653825796;
1997, 0.00954028478847;
1998, 0.00995339590245;
1999, 0.0103923264611;
2000, 0.0105795174346;
2001, 0.0105085139619;
2002, 0.0104891493784;
2003, 0.0103794167387;
2004, 0.0100695834033;
2005, 0.0095661042331;
2006, 0.00927563548108;
2007, 0.00877215631092;
2008, 0.00839131950272;
2009, 0.00778456255406;
2010, 0.0069002465757;
2011, 0.00632576393282;
2012, 0.00590619795768;
2013, 0.00545435767677;
2014, 0.00523489239746;
