1988, 0.00211073959799;
1989, 0.00210428473684;
1990, 0.00642904171131;
1991, 0.00640322226669;
1992, 0.00679051393605;
1993, 0.00687442713107;
1994, 0.00722298963349;
1995, 0.00728753824505;
1996, 0.00753927783013;
1997, 0.00812021533417;
1998, 0.00859142019855;
1999, 0.00908844450756;
2000, 0.00945637159345;
2001, 0.00981138895702;
2002, 0.0101083125702;
2003, 0.0104633299338;
2004, 0.0107408889635;
2005, 0.0108958056312;
2006, 0.0110700868824;
2007, 0.0108635313254;
2008, 0.0108570764643;
2009, 0.0107344341023;
2010, 0.0109990834097;
2011, 0.0112637327171;
2012, 0.011257277856;
2013, 0.0112443681336;
2014, 0.0111152709105;
