1988, 0.0137875834291;
1989, 0.0146008959347;
1990, 0.0149300938537;
1991, 0.0152722014949;
1992, 0.0153948438569;
1993, 0.0158208646932;
1994, 0.0159693264998;
1995, 0.0164598959476;
1996, 0.0166470869212;
1997, 0.0167761841443;
1998, 0.0170343785905;
1999, 0.0170279237294;
2000, 0.0174345799822;
2001, 0.0175249480384;
2002, 0.0180865209589;
2003, 0.0186868230464;
2004, 0.0193193994397;
2005, 0.0198486980545;
2006, 0.0207265591717;
2007, 0.0220885348756;
2008, 0.0229018473813;
2009, 0.0236441564142;
2010, 0.0244316494752;
2011, 0.025083590452;
2012, 0.0256193439279;
2013, 0.0259679064303;
2014, 0.0265101147674;
