1988, 0.010514968823;
1989, 0.0106182466015;
1990, 0.0109732639651;
1991, 0.0115800209138;
1992, 0.0119673125831;
1993, 0.0121480486955;
1994, 0.012335239669;
1995, 0.0127741702276;
1996, 0.0131485521746;
1997, 0.0134454757878;
1998, 0.013910225791;
1999, 0.0144911632951;
2000, 0.0147235382967;
2001, 0.0148268160752;
2002, 0.0148784549644;
2003, 0.0151624688553;
2004, 0.0153754792734;
2005, 0.0159112327494;
2006, 0.0159435070552;
2007, 0.0161565174733;
2008, 0.0166599966435;
2009, 0.0174087605376;
2010, 0.0183059862382;
2011, 0.0190289306877;
2012, 0.019661507081;
2013, 0.0202747188908;
2014, 0.0211719445915;
