1988, 0.0257161668453;
1989, 0.0253869689263;
1990, 0.0255160661494;
1991, 0.0254708821213;
1992, 0.0259679064303;
1993, 0.0263810175443;
1994, 0.0256387085114;
1995, 0.0250190418404;
1996, 0.0239475348885;
1997, 0.023882986277;
1998, 0.0228437536309;
1999, 0.021359135565;
2000, 0.0202166251404;
2001, 0.0197518751372;
2002, 0.019332309162;
2003, 0.0186158195737;
2004, 0.0177766876234;
2005, 0.0177315035954;
2006, 0.017550767483;
2007, 0.0174926737326;
2008, 0.017673409845;
2009, 0.0182801667936;
2010, 0.0182478924878;
2011, 0.0177702327623;
2012, 0.0182801667936;
2013, 0.0187255522134;
2014, 0.0186545487407;
