1988, 0.022269270988;
1989, 0.0226952918243;
1990, 0.0229599411317;
1991, 0.023431145996;
1992, 0.0238636216935;
1993, 0.0241540904455;
1994, 0.0240572675282;
1995, 0.0240959966951;
1996, 0.0241024515563;
1997, 0.0239475348885;
1998, 0.0235666980803;
1999, 0.0233601425233;
2000, 0.023469875163;
2001, 0.0235796078026;
2002, 0.0232504098837;
2003, 0.0225920140458;
2004, 0.0218948890409;
2005, 0.0208879307006;
2006, 0.0200552536115;
2007, 0.0194355869405;
2008, 0.0188030105472;
2009, 0.0181639792928;
2010, 0.0174216702599;
2011, 0.0166599966435;
2012, 0.0161694271956;
2013, 0.0156336737197;
2014, 0.0152463820503;
