1988, 0.021649604317;
1989, 0.0214559584823;
1990, 0.0213268612592;
1991, 0.0211461251468;
1992, 0.0208362918114;
1993, 0.0206103716709;
1994, 0.021152580008;
1995, 0.0209524793122;
1996, 0.0213268612592;
1997, 0.0212494029253;
1998, 0.0218755244575;
1999, 0.0217980661236;
2000, 0.021526961955;
2001, 0.0216754237616;
2002, 0.0215011425104;
2003, 0.0210234827849;
2004, 0.0200681633338;
2005, 0.0190999341604;
2006, 0.0182866216548;
2007, 0.0175830417888;
2008, 0.017015014007;
2009, 0.0167116355327;
2010, 0.0161694271956;
2011, 0.0156788577478;
2012, 0.01552394108;
2013, 0.0154335730238;
2014, 0.0154787570519;
