1988, 0.0451323892023;
1989, 0.045493861427;
1990, 0.0457972399014;
1991, 0.0459650662914;
1992, 0.0460941635145;
1993, 0.0461522572649;
1994, 0.0459198822633;
1995, 0.0455132260105;
1996, 0.0461393475426;
1997, 0.0454874065659;
1998, 0.0451969378139;
1999, 0.0440350628058;
2000, 0.0424729864061;
2001, 0.0413756600096;
2002, 0.0395553891636;
2003, 0.0380126773473;
2004, 0.0362763196964;
2005, 0.0343915002388;
2006, 0.0327455106441;
2007, 0.0311963439666;
2008, 0.0296600870115;
2009, 0.0284723925588;
2010, 0.0269748647707;
2011, 0.0257161668453;
2012, 0.0248253960057;
2013, 0.0242702779463;
2014, 0.0242121841959;
