1988, 0.0402073301403;
1989, 0.0413175662591;
1990, 0.0419695072359;
1991, 0.0420534204309;
1992, 0.043092653077;
1993, 0.0440931565562;
1994, 0.0449064690619;
1995, 0.044790281561;
1996, 0.0453131253147;
1997, 0.0446030905875;
1998, 0.0453195801758;
1999, 0.047023663521;
2000, 0.0480564413059;
2001, 0.0499412607635;
2002, 0.0453002155924;
2003, 0.0446095454487;
2004, 0.0439511496108;
2005, 0.0440350628058;
2006, 0.0440608822504;
2007, 0.0437768683596;
2008, 0.0435767676637;
2009, 0.0430991079382;
2010, 0.0429312815481;
2011, 0.0423632537664;
2012, 0.0424665315449;
2013, 0.0422599759879;
2014, 0.0416338544558;
