1988, 0.0124385174475;
1989, 0.012044770917;
1990, 0.0120641355004;
1991, 0.0120383160558;
1992, 0.0116768438311;
1993, 0.0113541007733;
1994, 0.0115348368857;
1995, 0.0113218264675;
1996, 0.0108118924362;
1997, 0.0103019584049;
1998, 0.00993403131899;
1999, 0.00976620492893;
2000, 0.00965647228928;
2001, 0.0112637327171;
2002, 0.0108570764643;
2003, 0.0103665070164;
2004, 0.0106957049354;
2005, 0.0112766424394;
2006, 0.0110700868824;
2007, 0.0113541007733;
2008, 0.0117284827203;
2009, 0.012335239669;
2010, 0.0136133021779;
2011, 0.0138069480125;
2012, 0.0137230348175;
2013, 0.0136907605117;
2014, 0.0135164792605;
