1988, 0.00722298963349;
1989, 0.00748763894089;
1990, 0.00748763894089;
1991, 0.00781683685984;
1992, 0.00799111811105;
1993, 0.00855269103162;
1994, 0.00905617020178;
1995, 0.00938536812073;
1996, 0.00987593756858;
1997, 0.0108893507701;
1998, 0.0118704896658;
1999, 0.0122771459186;
2000, 0.0128903577284;
2001, 0.0134454757878;
2002, 0.0140135035695;
2003, 0.0141232362092;
2004, 0.0142652431546;
2005, 0.0144395244058;
2006, 0.0145234376009;
2007, 0.0141619653761;
2008, 0.014116781348;
2009, 0.0142716980158;
2010, 0.0143749757943;
2011, 0.0143878855166;
2012, 0.0144072501001;
2013, 0.0144976181562;
2014, 0.0144717987116;
