1988, 0.0113928299402;
1989, 0.0109474445205;
1990, 0.0103148681272;
1991, 0.00998567020823;
1992, 0.00935954867611;
1993, 0.00904971534062;
1994, 0.00866242367127;
1995, 0.00839777436387;
1996, 0.00812667019532;
1997, 0.00805566672261;
1998, 0.00812667019532;
1999, 0.00835259033578;
2000, 0.00854623617046;
2001, 0.00885606950594;
2002, 0.00937891325958;
2003, 0.00975329520662;
2004, 0.00982429867934;
2005, 0.00998567020823;
2006, 0.0103277778495;
2007, 0.0104116910445;
2008, 0.0104116910445;
2009, 0.0103342327107;
2010, 0.0103277778495;
2011, 0.0101986806264;
2012, 0.0102309549322;
2013, 0.0102051354875;
2014, 0.0101470417371;
