1988, 0.000787493061024;
1989, 0.000832677089116;
1990, 0.000845586811428;
1991, 0.000787493061024;
1992, 0.000877861117207;
1993, 0.000781038199868;
1994, 0.000832677089116;
1995, 0.000884315978363;
1996, 0.000948864589923;
1997, 0.00100050347917;
1998, 0.00103923264611;
1999, 0.000994048618014;
2000, 0.00110378125767;
2001, 0.00111023611882;
2002, 0.00107150695189;
2003, 0.00120705903616;
2004, 0.00100050347917;
2005, 0.000974684034546;
2006, 0.000884315978363;
2007, 0.000916590284143;
2008, 0.000916590284143;
2009, 0.000948864589923;
2010, 0.000942409728767;
2011, 0.000787493061024;
2012, 0.000768128477556;
2013, 0.000684215282529;
2014, 0.000568027781722;
