1992, 0.0120512257781;
1993, 0.0125547049483;
1994, 0.0128516285615;
1995, 0.0132195556474;
1996, 0.0134712952324;
1997, 0.0133357431482;
1998, 0.0133421980093;
1999, 0.0136133021779;
2000, 0.0137359445398;
2001, 0.0136907605117;
2002, 0.0138004931514;
2003, 0.0140005938472;
2004, 0.0141232362092;
2005, 0.0140651424588;
2006, 0.0139166806522;
2007, 0.0138456771795;
2008, 0.0138004931514;
2009, 0.0137875834291;
2010, 0.0137294896787;
2011, 0.0136326667613;
2012, 0.0134906598159;
2013, 0.0133809271763;
2014, 0.0129290868953;
