1988, 0.0233149584952;
1989, 0.0232116807167;
1990, 0.0226565626573;
1991, 0.0222886355714;
1992, 0.0215398716774;
1993, 0.0209331147287;
1994, 0.0206620105602;
1995, 0.0203715418081;
1996, 0.0200875279173;
1997, 0.0200036147222;
1998, 0.0200165244446;
1999, 0.0196421424975;
2000, 0.0197131459702;
2001, 0.0195905036083;
2002, 0.0197712397206;
2003, 0.0198486980545;
2004, 0.0198099688876;
2005, 0.0196873265256;
2006, 0.019248395967;
2007, 0.0190031112431;
2008, 0.0184738126283;
2009, 0.0181510695705;
2010, 0.0182091633209;
2011, 0.0183963542944;
2012, 0.018170434154;
2013, 0.0179445140135;
2014, 0.0180026077639;
