1988, 0.033403906482;
1989, 0.0343721356554;
1990, 0.0346690592685;
1991, 0.0344625037115;
1992, 0.0344947780173;
1993, 0.0345141426008;
1994, 0.0349272537148;
1995, 0.0349014342701;
1996, 0.0344754134339;
1997, 0.0347400627413;
1998, 0.0345464169066;
1999, 0.0341462155149;
2000, 0.0343463162107;
2001, 0.0346109655181;
2002, 0.0343463162107;
2003, 0.0342624030157;
2004, 0.0344173196835;
2005, 0.0340235731529;
2006, 0.0333909967597;
2007, 0.0324744064755;
2008, 0.0320935696673;
2009, 0.031874104388;
2010, 0.0314674481352;
2011, 0.0305766772957;
2012, 0.0297762745123;
2013, 0.0293179793703;
2014, 0.0292534307587;
