1988, 0.00198164237487;
1989, 0.00196873265256;
1990, 0.00194291320794;
1991, 0.00195582293025;
1992, 0.00203328126412;
1993, 0.00213655904261;
1994, 0.00218174307071;
1995, 0.00226565626573;
1996, 0.00243993751694;
1997, 0.00253676043428;
1998, 0.00267876737971;
1999, 0.00290468752017;
2000, 0.00298214585404;
2001, 0.00314351738294;
2002, 0.00333716321762;
2003, 0.00356953821923;
2004, 0.0036921805812;
2005, 0.00397619447206;
2006, 0.0044086701695;
2007, 0.00444094447528;
2008, 0.00476368753308;
2009, 0.00496378822892;
2010, 0.00522198267515;
2011, 0.00540917364867;
2012, 0.00585455906843;
2013, 0.00634512851629;
2014, 0.00654522921212;
