1988, 0.00320161113334;
1989, 0.00327261460606;
1990, 0.00332425349531;
1991, 0.00335652780109;
1992, 0.00328552432837;
1993, 0.0034275312738;
1994, 0.00354371877461;
1995, 0.00366636113657;
1996, 0.00386000697125;
1997, 0.0059772014304;
1998, 0.00628057990473;
1999, 0.00648713546172;
2000, 0.00679051393605;
2001, 0.00690670143685;
2002, 0.00708743754922;
2003, 0.00724235421696;
2004, 0.00737145144008;
2005, 0.00757155213591;
2006, 0.00760382644169;
2007, 0.00781683685984;
2008, 0.00781683685984;
2009, 0.00795884380527;
2010, 0.00799757297221;
2011, 0.00822349311266;
2012, 0.00845586811428;
2013, 0.00868824311589;
2014, 0.00878506603323;
