1988, 0.00174926737326;
1989, 0.00181381598482;
1990, 0.00194291320794;
1991, 0.00208492015337;
1992, 0.00223338195995;
1993, 0.00225274654342;
1994, 0.00227211112689;
1995, 0.00240766321116;
1996, 0.00245284723926;
1997, 0.0025044861285;
1998, 0.00269167710203;
1999, 0.00272395140781;
2000, 0.00281431946399;
2001, 0.00294987154826;
2002, 0.00300151043751;
2003, 0.00308542363254;
2004, 0.00340171182918;
2005, 0.00371154516466;
2006, 0.00390519099934;
2007, 0.00396328474975;
2008, 0.00411174655633;
2009, 0.00453776739262;
2010, 0.0048346910058;
2011, 0.0052736215644;
2012, 0.00552536114948;
2013, 0.00583519448497;
2014, 0.00611275351467;
