1988, 0.0015814409832;
1989, 0.00150398264933;
1990, 0.00156853126089;
1991, 0.00156207639974;
1992, 0.00172990278979;
1993, 0.0018460902906;
1994, 0.00186545487407;
1995, 0.00187836459638;
1996, 0.00191709376331;
1997, 0.0123481493913;
1998, 0.0127225313384;
1999, 0.0134002917597;
2000, 0.0140393230142;
2001, 0.0146008959347;
2002, 0.015026916771;
2003, 0.0154464827462;
2004, 0.0158466841378;
2005, 0.0163307987245;
2006, 0.0166535417823;
2007, 0.0171053820632;
2008, 0.0178283265127;
2009, 0.0184286286002;
2010, 0.0192161216612;
2011, 0.0199390661107;
2012, 0.0204296355585;
2013, 0.0211977640361;
2014, 0.0218626147352;
