1988, 0.0103277778495;
1989, 0.0103277778495;
1990, 0.0106311563238;
1991, 0.0109022604924;
1992, 0.010928079937;
1993, 0.011218548689;
1994, 0.0116445695253;
1995, 0.0120705903616;
1996, 0.0122706910574;
1997, 0.0135487535663;
1998, 0.0138069480125;
1999, 0.0142458785712;
2000, 0.0146912639909;
2001, 0.0220949897368;
2002, 0.0225920140458;
2003, 0.0229147571036;
2004, 0.0228243890474;
2005, 0.0231213126606;
2006, 0.0235666980803;
2007, 0.0237538890538;
2008, 0.0238958959993;
2009, 0.0244574689198;
2010, 0.0250642258685;
2011, 0.0252643265643;
2012, 0.025664527956;
2013, 0.0262519203212;
2014, 0.026987774493;
