1988, 9.6822917339e-05;
1989, 0.000103277778495;
1990, 0.000116187500807;
1991, 9.03680561831e-05;
1992, 8.39131950272e-05;
1993, 0.000103277778495;
1994, 0.000135552084275;
1995, 0.00017428125121;
1996, 0.000187190973522;
1997, 0.000225920140458;
1998, 0.000193645834678;
1999, 0.000180736112366;
2000, 0.000180736112366;
2001, 0.000154916667742;
2002, 0.000148461806587;
2003, 0.000167826390054;
2004, 0.000193645834678;
2005, 0.00017428125121;
2006, 0.000219465279302;
2007, 0.000193645834678;
2008, 0.000193645834678;
2009, 0.00017428125121;
2010, 0.00017428125121;
2011, 0.00020655555699;
2012, 0.000219465279302;
2013, 0.000251739585082;
2014, 0.000284013890861;
