1988, 0.00501542711816;
1989, 0.00513161461897;
1990, 0.00520907295284;
1991, 0.0053317153148;
1992, 0.00554472573295;
1993, 0.00556409031642;
1994, 0.00551890628833;
1995, 0.00564154865029;
1996, 0.00571900698416;
1997, 0.00588037851306;
1998, 0.00607402434774;
1999, 0.00600947573618;
2000, 0.00624830559895;
2001, 0.00832031603;
2002, 0.00855914589277;
2003, 0.00893998270097;
2004, 0.0092433611753;
2005, 0.00906907992409;
2006, 0.00931436464802;
2007, 0.00926918061992;
2008, 0.00937245839842;
2009, 0.00966938201159;
2010, 0.00979847923471;
2011, 0.00983720840165;
2012, 0.00992757645783;
2013, 0.0101922257652;
2014, 0.0104568750726;
