1988, 0.0103019584049;
1989, 0.0104568750726;
1990, 0.0103019584049;
1991, 0.0105085139619;
1992, 0.0105924271569;
1993, 0.0107860729916;
1994, 0.0107150695189;
1995, 0.011341191051;
1996, 0.011134635494;
1997, 0.0109022604924;
1998, 0.0111410903551;
1999, 0.0110249028543;
2000, 0.0110249028543;
2001, 0.0121674132789;
2002, 0.0123416945302;
2003, 0.0129097223119;
2004, 0.013413201482;
2005, 0.013535843844;
2006, 0.014155510515;
2007, 0.0144653438505;
2008, 0.0147106285744;
2009, 0.0151431042718;
2010, 0.015317385523;
2011, 0.0155045764966;
2012, 0.0161500626122;
2013, 0.0167697292831;
2014, 0.0169504653955;
