1988, 0.0149817327429;
1989, 0.014362066072;
1990, 0.013948954958;
1991, 0.0139683195414;
1992, 0.0139941389861;
1993, 0.0141619653761;
1994, 0.0140199584307;
1995, 0.0141038716257;
1996, 0.0139360452357;
1997, 0.01423942371;
1998, 0.0144524341281;
1999, 0.0145363473232;
2000, 0.0153883889958;
2001, 0.0161629723345;
2002, 0.0169052813674;
2003, 0.0169052813674;
2004, 0.0167310001162;
2005, 0.0159047778882;
2006, 0.0154012987181;
2007, 0.0147687223248;
2008, 0.0144911632951;
2009, 0.0138521320406;
2010, 0.0131420973135;
2011, 0.0127354410607;
2012, 0.0118253056377;
2013, 0.0114896528576;
2014, 0.010928079937;
