1988, 0.0401750558345;
1989, 0.0401556912511;
1990, 0.0404977988923;
1991, 0.0404719794477;
1992, 0.0408011773667;
1993, 0.0410593718129;
1994, 0.0412594725087;
1995, 0.041930778069;
1996, 0.0426085384903;
1997, 0.0455906843444;
1998, 0.0483017260299;
1999, 0.0497669795123;
2000, 0.0511805941054;
2001, 0.0521294586953;
2002, 0.0537108996785;
2003, 0.0547114031577;
2004, 0.0556989969146;
2005, 0.0560604691393;
2006, 0.0564929448368;
2007, 0.0548017712139;
2008, 0.0535172538439;
2009, 0.0526716670324;
2010, 0.0525877538374;
2011, 0.0528136739779;
2012, 0.053233239953;
2013, 0.0534914343992;
2014, 0.0541756496818;
