1988, 0.0168665522005;
1989, 0.0175443126218;
1990, 0.0184157188779;
1991, 0.0187126424911;
1992, 0.0190547501323;
1993, 0.0189450174927;
1994, 0.0186868230464;
1995, 0.0184996320729;
1996, 0.0183576251275;
1997, 0.0175572223441;
1998, 0.0169181910897;
1999, 0.0168730070616;
2000, 0.0163178890022;
2001, 0.0164469862253;
2002, 0.0165502640038;
2003, 0.0166535417823;
2004, 0.0166729063658;
2005, 0.0171118369244;
2006, 0.0173248473425;
2007, 0.0175572223441;
2008, 0.0175120383161;
2009, 0.0228437536309;
2010, 0.0228695730755;
2011, 0.0225661946012;
2012, 0.0221595383483;
2013, 0.0218303404294;
2014, 0.0209331147287;
