1988, 0.00646777087825;
1989, 0.00633867365513;
1990, 0.00614502782045;
1991, 0.0060933889312;
1992, 0.00606111462542;
1993, 0.00636449309975;
1994, 0.00642904171131;
1995, 0.00640967712784;
1996, 0.00648068060056;
1997, 0.0452227572585;
1998, 0.0446999135049;
1999, 0.0455132260105;
2000, 0.04623617046;
2001, 0.0464298162947;
2002, 0.0459779760137;
2003, 0.0451904829527;
2004, 0.0438220523877;
2005, 0.0420856947367;
2006, 0.0406204412543;
2007, 0.0390970940215;
2008, 0.0375931113722;
2009, 0.0361730419179;
2010, 0.0344560488504;
2011, 0.0331392571746;
2012, 0.0319192884161;
2013, 0.0309252397981;
2014, 0.0296342675669;
