1988, 0.0108828959089;
1989, 0.0109087153535;
1990, 0.0108893507701;
1991, 0.011134635494;
1992, 0.011509017441;
1993, 0.0115348368857;
1994, 0.0117865764707;
1995, 0.0121157743897;
1996, 0.0119350382773;
1997, 0.0122965105021;
1998, 0.0125740695318;
1999, 0.0125805243929;
2000, 0.0127225313384;
2001, 0.0127741702276;
2002, 0.0129032674507;
2003, 0.0130517292573;
2004, 0.01295490634;
2005, 0.0127999896722;
2006, 0.0129936355069;
2007, 0.0129678160623;
2008, 0.0130000903681;
2009, 0.0133809271763;
2010, 0.0134842049548;
2011, 0.013910225791;
2012, 0.0141426007927;
2013, 0.0143878855166;
2014, 0.0147558126025;
