1988, 0.00424084377945;
1989, 0.00430539239101;
1990, 0.00458940628187;
1991, 0.00492505906198;
1992, 0.00510579517435;
1993, 0.00531880559249;
1994, 0.0057577361511;
1995, 0.00591910767999;
1996, 0.00615793754276;
1997, 0.00644195143362;
1998, 0.0066355972683;
1999, 0.00704870838228;
2000, 0.00748118407973;
2001, 0.00773937852597;
2002, 0.00840422922503;
2003, 0.00904326047947;
2004, 0.00963710770581;
2005, 0.0101857709041;
2006, 0.0108570764643;
2007, 0.0113605556344;
2008, 0.0118898542492;
2009, 0.0125740695318;
2010, 0.012916177173;
2011, 0.0132776493978;
2012, 0.0134002917597;
2013, 0.0140845070423;
2014, 0.0142329688488;
