1988, 0.0135487535663;
1989, 0.0137036702341;
1990, 0.0138585869018;
1991, 0.0139876841249;
1992, 0.0141038716257;
1993, 0.0141684202373;
1994, 0.0145557119066;
1995, 0.0146912639909;
1996, 0.0147558126025;
1997, 0.0148268160752;
1998, 0.0149236389925;
1999, 0.0147235382967;
2000, 0.0148074514917;
2001, 0.0146202605182;
2002, 0.0143556112108;
2003, 0.0141748750984;
2004, 0.0138456771795;
2005, 0.0134067466209;
2006, 0.0131098230077;
2007, 0.0121028646674;
2008, 0.0115671111914;
2009, 0.0112314584113;
2010, 0.010347142433;
2011, 0.0101922257652;
2012, 0.00980493409587;
2013, 0.0101599514594;
2014, 0.0104762396561;
