1988, 0.00582873962381;
1989, 0.00585455906843;
1990, 0.00617084726508;
1991, 0.00640967712784;
1992, 0.00671951046333;
1993, 0.00714553129962;
1994, 0.00740372574586;
1995, 0.00785556602677;
1996, 0.00808794102839;
1997, 0.00845586811428;
1998, 0.00862369450433;
1999, 0.00877861117207;
2000, 0.00910780909103;
2001, 0.00921108686952;
2002, 0.00950801048269;
2003, 0.00943055214882;
2004, 0.00958546881657;
2005, 0.00976620492893;
2006, 0.00979202437356;
2007, 0.00989530215205;
2008, 0.0099469410413;
2009, 0.0101147674314;
2010, 0.010224500071;
2011, 0.0101986806264;
2012, 0.0100760382644;
2013, 0.0103148681272;
2014, 0.0106440660461;
