1988, 0.0303636668775;
1989, 0.0293760731207;
1990, 0.0288015904778;
1991, 0.0282529272795;
1992, 0.0276074411639;
1993, 0.0270523231045;
1994, 0.0264455661559;
1995, 0.0262971043493;
1996, 0.02624546546;
1997, 0.026452021017;
1998, 0.027278243245;
1999, 0.0272846981061;
2000, 0.0274912536631;
2001, 0.027568711997;
2002, 0.0280140974168;
2003, 0.0280463717225;
2004, 0.0282141981126;
2005, 0.0284272085307;
2006, 0.0284853022811;
2007, 0.0282077432514;
2008, 0.0281625592234;
2009, 0.0286531286712;
2010, 0.0286595835324;
2011, 0.0286273092266;
2012, 0.0286918578381;
2013, 0.0286531286712;
2014, 0.0283497501969;
