1988, 0.0169891945624;
1989, 0.0167826390054;
1990, 0.0169633751178;
1991, 0.0170408334517;
1992, 0.0173377570648;
1993, 0.0172990278979;
1994, 0.0176927744284;
1995, 0.0180929758201;
1996, 0.0183059862382;
1997, 0.0184931772118;
1998, 0.0188223751307;
1999, 0.0194743161075;
2000, 0.0198164237487;
2001, 0.0203134480577;
2002, 0.0203586320858;
2003, 0.0204619098643;
2004, 0.0205651876428;
2005, 0.0201714411123;
2006, 0.0198745174991;
2007, 0.0190289306877;
2008, 0.0186997327687;
2009, 0.0181833438763;
2010, 0.0173893959541;
2011, 0.0172280244252;
2012, 0.0167568195608;
2013, 0.0166535417823;
2014, 0.0165115348369;
