1988, 0.0186739133241;
1989, 0.0192161216612;
1990, 0.0196292327752;
1991, 0.0205780973651;
1992, 0.021772246679;
1993, 0.022766295297;
1994, 0.0230180348821;
1995, 0.0234763300241;
1996, 0.0230115800209;
1997, 0.0233214133564;
1998, 0.0239991737778;
1999, 0.0244058300306;
2000, 0.0248641251727;
2001, 0.0251416842024;
2002, 0.025541885594;
2003, 0.0260195453196;
2004, 0.0264713856005;
2005, 0.0266650314352;
2006, 0.0268393126864;
2007, 0.0267360349079;
2008, 0.0265552987955;
2009, 0.0259162675411;
2010, 0.0257355314287;
2011, 0.0279301842217;
2012, 0.0298924620131;
2013, 0.0303572120164;
2014, 0.0307638682692;
