1988, 0.0210944862576;
1989, 0.0213397709815;
1990, 0.0217528820955;
1991, 0.0225791043235;
1992, 0.0220110765417;
1993, 0.0213333161204;
1994, 0.020862111256;
1995, 0.020365086947;
1996, 0.0196550522198;
1997, 0.0190289306877;
1998, 0.0183124410994;
1999, 0.0176153160946;
2000, 0.0169762848401;
2001, 0.0161629723345;
2002, 0.0157175869147;
2003, 0.0150462813545;
2004, 0.0146202605182;
2005, 0.0145686216289;
2006, 0.0142716980158;
2007, 0.0141748750984;
2008, 0.0143039723216;
2009, 0.0145879862124;
2010, 0.0146718994074;
2011, 0.0147106285744;
2012, 0.014820361214;
2013, 0.0152980209396;
2014, 0.0156013994139;
