1988, 0.508797975756;
1989, 0.50876570145;
1990, 0.503033784743;
1991, 0.510121222293;
1992, 0.511134635494;
1993, 0.50932727437;
1994, 0.502465756962;
1995, 0.489562489511;
1996, 0.480144847084;
1997, 0.473102593563;
1998, 0.467306128245;
1999, 0.458927718465;
2000, 0.448057732278;
2001, 0.442228992654;
2002, 0.444372006558;
2003, 0.442325815572;
2004, 0.448232013529;
2005, 0.450123287848;
2006, 0.456513600392;
2007, 0.451097971883;
2008, 0.45309252398;
2009, 0.46414970114;
2010, 0.474464569267;
2011, 0.481874749874;
2012, 0.488839545061;
2013, 0.488381249919;
2014, 0.484908534617;
