1988, 0.0445966357264;
1989, 0.044125430862;
1990, 0.0443126218355;
1991, 0.0475981461639;
1992, 0.0474755038019;
1993, 0.0459198822633;
1994, 0.0441770697512;
1995, 0.0427763648804;
1996, 0.0425439898788;
1997, 0.0404719794477;
1998, 0.0395231148578;
1999, 0.0393294690231;
2000, 0.038290236377;
2001, 0.0370509030351;
2002, 0.0361665870567;
2003, 0.0348368856586;
2004, 0.0343463162107;
2005, 0.0352499967726;
2006, 0.0350950801048;
2007, 0.0402266947238;
2008, 0.0401492363899;
2009, 0.0412207433418;
2010, 0.0416596739004;
2011, 0.0427053614077;
2012, 0.0434734898852;
2013, 0.0443900801694;
2014, 0.0448612850338;
