1988, 0.0375995662333;
1989, 0.0392520106893;
1990, 0.0402847884742;
1991, 0.0412788370922;
1992, 0.0425375350176;
1993, 0.0432217503002;
1994, 0.0434024864125;
1995, 0.0438091426653;
1996, 0.0437768683596;
1997, 0.0431830211332;
1998, 0.0485211913092;
1999, 0.0485405558926;
2000, 0.0481145350564;
2001, 0.0483920940861;
2002, 0.0488310246447;
2003, 0.0488697538116;
2004, 0.0494636010379;
2005, 0.04975406979;
2006, 0.0503220975717;
2007, 0.0499928996527;
2008, 0.0500509934031;
2009, 0.050044538542;
2010, 0.0503672815998;
2011, 0.0502962781271;
2012, 0.0496895211784;
2013, 0.0495797885387;
2014, 0.0493215940925;
