1988, 0.00814603477879;
1989, 0.00828804172422;
1990, 0.00819767366804;
1991, 0.00814603477879;
1992, 0.0080427570003;
1993, 0.00808148616723;
1994, 0.0080427570003;
1995, 0.0081589445011;
1996, 0.00821703825151;
1997, 0.00830095144653;
1998, 0.00866887853242;
1999, 0.00863660422664;
2000, 0.00881734033901;
2001, 0.00894643756213;
2002, 0.00941764242651;
2003, 0.00969520145622;
2004, 0.0102955035437;
2005, 0.0107279792412;
2006, 0.0112701875783;
2007, 0.0123416945302;
2008, 0.0132324653697;
2009, 0.013948954958;
2010, 0.014362066072;
2011, 0.0146977188521;
2012, 0.0150010973264;
2013, 0.0151043751049;
2014, 0.0150850105214;
