1988, 0.0115412917468;
1989, 0.0114186493849;
1990, 0.0113089167452;
1991, 0.0116962084146;
1992, 0.0118769445269;
1993, 0.01200604175;
1994, 0.0120705903616;
1995, 0.0119737674443;
1996, 0.0119350382773;
1997, 0.011960857722;
1998, 0.0120576806393;
1999, 0.0122706910574;
2000, 0.0125740695318;
2001, 0.0125611598095;
2002, 0.0125805243929;
2003, 0.0129613612011;
2004, 0.0127999896722;
2005, 0.0129355417565;
2006, 0.0131033681466;
2007, 0.0133486528705;
2008, 0.0135552084275;
2009, 0.0135552084275;
2010, 0.013742399401;
2011, 0.0142006945431;
2012, 0.0145428021843;
2013, 0.0146331702405;
2014, 0.014820361214;
