1988, 0.0148849098256;
1989, 0.013948954958;
1990, 0.0133551077316;
1991, 0.0128903577284;
1992, 0.0123158750855;
1993, 0.0119092188327;
1994, 0.0115929306361;
1995, 0.0113541007733;
1996, 0.0113347361898;
1997, 0.0114315591072;
1998, 0.0114896528576;
1999, 0.011425104246;
2000, 0.0113992848014;
2001, 0.0116897535534;
2002, 0.0119350382773;
2003, 0.0120770452228;
2004, 0.0123610591136;
2005, 0.0128258091168;
2006, 0.0132389202308;
2007, 0.0136972153729;
2008, 0.0140845070423;
2009, 0.0141942396819;
2010, 0.0147493577413;
2011, 0.014943003576;
2012, 0.0151560139941;
2013, 0.0153496598288;
2014, 0.0156207639974;
