1988, 0.0734692296769;
1989, 0.0721137088341;
1990, 0.0708550109087;
1991, 0.0717845109152;
1992, 0.0723331741134;
1993, 0.0724299970308;
1994, 0.0724945456423;
1995, 0.0722105317515;
1996, 0.0714165838293;
1997, 0.0708743754922;
1998, 0.0704677192394;
1999, 0.0706807296575;
2000, 0.0698222331238;
2001, 0.0685118963091;
2002, 0.0675888511638;
2003, 0.0657814900401;
2004, 0.065194097675;
2005, 0.0639031254438;
2006, 0.0630898129381;
2007, 0.0628187087696;
2008, 0.0624378719614;
2009, 0.0623216844606;
2010, 0.0631027226604;
2011, 0.0635674726637;
2012, 0.0642323233627;
2013, 0.064864899756;
2014, 0.0662526949045;
