1988, 0.0222434515434;
1989, 0.0213914098708;
1990, 0.0205458230593;
1991, 0.0197712397206;
1992, 0.0192096668001;
1993, 0.0186932779076;
1994, 0.0182801667936;
1995, 0.0177831424846;
1996, 0.0178025070681;
1997, 0.0190482952712;
1998, 0.0190870244381;
1999, 0.0192742154116;
2000, 0.0194033126347;
2001, 0.0194162223571;
2002, 0.020035889028;
2003, 0.0199713404165;
2004, 0.0200939827784;
2005, 0.0203521772247;
2006, 0.0201908056958;
2007, 0.0204038161139;
2008, 0.0204360904197;
2009, 0.0207330140329;
2010, 0.0205135487536;
2011, 0.0206749202825;
2012, 0.0206878300048;
2013, 0.0209847536179;
2014, 0.0206620105602;
