1988, 0.00849459728121;
1989, 0.00893998270097;
1990, 0.00941118756536;
1991, 0.00954673964963;
1992, 0.0100373090975;
1993, 0.0101793160429;
1994, 0.0104181459057;
1995, 0.0106182466015;
1996, 0.0111991841055;
1997, 0.0112379132725;
1998, 0.0114702882741;
1999, 0.0115800209138;
2000, 0.0114767431353;
2001, 0.0115606563303;
2002, 0.0114121945237;
2003, 0.0115864757749;
2004, 0.0117478473038;
2005, 0.0115154723022;
2006, 0.0114121945237;
2007, 0.0113347361898;
2008, 0.011218548689;
2009, 0.0111217257717;
2010, 0.0110313577155;
2011, 0.0108312570197;
2012, 0.0106053368792;
2013, 0.0102309549322;
2014, 0.0096822917339;
