1988, 0.0209847536179;
1989, 0.0212687675088;
1990, 0.0212945869534;
1991, 0.0213655904261;
1992, 0.0214624133435;
1993, 0.0213849550096;
1994, 0.0215140522327;
1995, 0.0216108751501;
1996, 0.0216947883451;
1997, 0.0220885348756;
1998, 0.0221014445979;
1999, 0.0223209098772;
2000, 0.022269270988;
2001, 0.0223983682111;
2002, 0.0223854584888;
2003, 0.0229986702986;
2004, 0.0234827848853;
2005, 0.0233924168291;
2006, 0.0234956946076;
2007, 0.0233343230787;
2008, 0.022934121687;
2009, 0.022146628626;
2010, 0.0217593369567;
2011, 0.0212881320923;
2012, 0.0204038161139;
2013, 0.0198486980545;
2014, 0.0191451181885;
