1988, 0.000948864589923;
1989, 0.00105214236842;
1990, 0.00115542014691;
1991, 0.00115542014691;
1992, 0.00116832986922;
1993, 0.00120705903616;
1994, 0.001200604175;
1995, 0.0013038819535;
1996, 0.00118769445269;
1997, 0.00555118059411;
1998, 0.00544144795445;
1999, 0.00530589587018;
2000, 0.00515743406359;
2001, 0.00531880559249;
2002, 0.00558990976104;
2003, 0.00561572920566;
2004, 0.00569964240069;
2005, 0.00569964240069;
2006, 0.00553181601064;
2007, 0.00564154865029;
2008, 0.00570609726185;
2009, 0.00586746879075;
2010, 0.00611275351467;
2011, 0.0061385729593;
2012, 0.00620957643201;
2013, 0.0065775035179;
2014, 0.00659686810137;
