1988, 0.00779101741522;
1989, 0.0072358993558;
1990, 0.0068550625476;
1991, 0.00655813893443;
1992, 0.00628703476588;
1993, 0.00612566323698;
1994, 0.00615148268161;
1995, 0.00628703476588;
1996, 0.00631930907166;
1997, 0.00645486115594;
1998, 0.00655813893443;
1999, 0.00668723615755;
2000, 0.00683569796414;
2001, 0.00684215282529;
2002, 0.00674532990795;
2003, 0.00679051393605;
2004, 0.00688733685338;
2005, 0.00699061463188;
2006, 0.00713907643847;
2007, 0.00693897574263;
2008, 0.00697770490957;
2009, 0.00682278824182;
2010, 0.00686797226992;
2011, 0.0066355972683;
2012, 0.0065775035179;
2013, 0.00655813893443;
2014, 0.00611275351467;
