1988, 0.00504124656279;
1989, 0.00535107989827;
1990, 0.00548017712139;
1991, 0.00548017712139;
1992, 0.00558345489989;
1993, 0.00582873962381;
1994, 0.00593201740231;
1995, 0.00604175004196;
1996, 0.00628703476588;
1997, 0.00644195143362;
1998, 0.00671951046333;
1999, 0.00666141671293;
2000, 0.00684215282529;
2001, 0.00666787157408;
2002, 0.00671305560217;
2003, 0.00666787157408;
2004, 0.0067388750468;
2005, 0.00693897574263;
2006, 0.00708098268806;
2007, 0.0073391771343;
2008, 0.00768773963672;
2009, 0.00804921186145;
2010, 0.00849459728121;
2011, 0.00883670492248;
2012, 0.00906907992409;
2013, 0.00920463200837;
2014, 0.0093014549257;
