1988, 0.00132324653697;
1989, 0.00134261112043;
1990, 0.00145879862124;
1991, 0.00140070487084;
1992, 0.00142652431546;
1993, 0.00155562153858;
1994, 0.00143297917662;
1995, 0.00149107292702;
1996, 0.00157498612205;
1997, 0.00167826390054;
1998, 0.00163307987245;
1999, 0.00169762848401;
2000, 0.00176217709557;
2001, 0.00183318056829;
2002, 0.00182027084597;
2003, 0.00183963542944;
2004, 0.00178154167904;
2005, 0.00191063890216;
2006, 0.0019622777914;
2007, 0.00214301390377;
2008, 0.00208492015337;
2009, 0.00223983682111;
2010, 0.00247221182272;
2011, 0.00259485418469;
2012, 0.00289177779786;
2013, 0.00305960418791;
2014, 0.00324679516144;
