1988, 0.0025044861285;
1989, 0.00261421876815;
1990, 0.00265940279625;
1991, 0.0028853229367;
1992, 0.0029305069648;
1993, 0.00291114238133;
1994, 0.0029886007152;
1995, 0.00300796529867;
1996, 0.00304023960445;
1997, 0.00317579168872;
1998, 0.00332425349531;
1999, 0.00354371877461;
2000, 0.00364054169195;
2001, 0.00357599308039;
2002, 0.00372445488698;
2003, 0.00389873613819;
2004, 0.00385355211009;
2005, 0.00395682988859;
2006, 0.00411820141749;
2007, 0.00422147919598;
2008, 0.00410529169518;
2009, 0.00424084377945;
2010, 0.00434412155795;
2011, 0.00448612850338;
2012, 0.00452485767031;
2013, 0.00457649655956;
2014, 0.00486696531158;
