1988, 0.0259291772634;
1989, 0.0268199481029;
1990, 0.0278139967209;
1991, 0.0281238300564;
1992, 0.0282400175572;
1993, 0.0285175765869;
1994, 0.0274331599127;
1995, 0.0273169724119;
1996, 0.0272846981061;
1997, 0.0263422883774;
1998, 0.0256968022618;
1999, 0.0255289758717;
2000, 0.0255677050387;
2001, 0.0260582744865;
2002, 0.0261809168485;
2003, 0.0260582744865;
2004, 0.0266069376848;
2005, 0.0269942293541;
2006, 0.0273105175508;
2007, 0.027446069635;
2008, 0.0275816217193;
2009, 0.0276397154697;
2010, 0.027155600883;
2011, 0.0269167710203;
2012, 0.0261938265708;
2013, 0.0258258994849;
2014, 0.0251287744801;
