1988, 0.068092330334;
1989, 0.0661816914318;
1990, 0.0636707504422;
1991, 0.0614631879268;
1992, 0.0589974309653;
1993, 0.056918965673;
1994, 0.0562412052517;
1995, 0.055427892746;
1996, 0.0546662191296;
1997, 0.0544919378784;
1998, 0.0543305663495;
1999, 0.0539497295413;
2000, 0.0538270871794;
2001, 0.0539432746802;
2002, 0.0544273892669;
2003, 0.055014781632;
2004, 0.0553310698287;
2005, 0.0557441809427;
2006, 0.0565833128929;
2007, 0.0564864899756;
2008, 0.0574676288713;
2009, 0.0580033823472;
2010, 0.059029705271;
2011, 0.0600043893056;
2012, 0.0605401427815;
2013, 0.0616632886227;
2014, 0.0626250629349;
