1991, 0.00866242367127;
1992, 0.00895289242328;
1993, 0.00924981603646;
1994, 0.00920463200837;
1995, 0.0096822917339;
1996, 0.00991466673552;
1997, 0.0100695834033;
1998, 0.0103923264611;
1999, 0.0105924271569;
2000, 0.0109216250758;
2001, 0.0110636320213;
2002, 0.0114961077187;
2003, 0.0116574792476;
2004, 0.0122771459186;
2005, 0.0126192535599;
2006, 0.0128516285615;
2007, 0.0138004931514;
2008, 0.0144137049612;
2009, 0.0147041737132;
2010, 0.0152592917726;
2011, 0.0155820348304;
2012, 0.0158466841378;
2013, 0.0163630730303;
2014, 0.0164663508088;
