1988, 0.0124256077252;
1989, 0.0125095209202;
1990, 0.0123158750855;
1991, 0.012419152864;
1992, 0.0122965105021;
1993, 0.0122836007797;
1994, 0.0123546042525;
1995, 0.0122448716128;
1996, 0.0117026632757;
1997, 0.0116574792476;
1998, 0.0114186493849;
1999, 0.011547746608;
2000, 0.0117091181369;
2001, 0.0120512257781;
2002, 0.0120899549451;
2003, 0.01200604175;
2004, 0.01183821536;
2005, 0.0118640348046;
2006, 0.0120576806393;
2007, 0.0121674132789;
2008, 0.0122448716128;
2009, 0.0121545035566;
2010, 0.0118769445269;
2011, 0.0115993854972;
2012, 0.0112250035502;
2013, 0.0109345347982;
2014, 0.0105601528511;
