1988, 0.0347658821859;
1989, 0.0359664863609;
1990, 0.0380062224862;
1991, 0.0397361252759;
1992, 0.0399943197222;
1993, 0.0403299725023;
1994, 0.0419114134855;
1995, 0.0426795419631;
1996, 0.0428344586308;
1997, 0.0472431288003;
1998, 0.0509675836873;
1999, 0.053814177457;
2000, 0.0568544170615;
2001, 0.0589780663818;
2002, 0.0621538580705;
2003, 0.0648390803114;
2004, 0.0673952053291;
2005, 0.0697318650676;
2006, 0.0731658512025;
2007, 0.0732110352306;
2008, 0.0732174900918;
2009, 0.0743148164883;
2010, 0.0756897019145;
2011, 0.0767418442829;
2012, 0.0769613095622;
2013, 0.0775228824828;
2014, 0.076909670673;
