1988, 0.0230954932159;
1989, 0.024173455029;
1990, 0.0249093092008;
1991, 0.0253095105924;
1992, 0.0257161668453;
1993, 0.0264003821278;
1994, 0.0267166703244;
1995, 0.0266908508798;
1996, 0.0271814203276;
1997, 0.0267295800467;
1998, 0.026781218936;
1999, 0.0261034585146;
2000, 0.026038909903;
2001, 0.025954996708;
2002, 0.0258646286518;
2003, 0.0259227224022;
2004, 0.0257419862899;
2005, 0.0256838925395;
2006, 0.0253095105924;
2007, 0.0252966008701;
2008, 0.0250254967016;
2009, 0.025251416842;
2010, 0.0252255973974;
2011, 0.0252449619809;
2012, 0.0249932223958;
2013, 0.025044861285;
2014, 0.0246898439215;
