1988, 0.0327132363383;
1989, 0.0328875175895;
1990, 0.0331457120357;
1991, 0.0335459134274;
1992, 0.0336621009282;
1993, 0.0339461148191;
1994, 0.0347529724636;
1995, 0.0365216044203;
1996, 0.0377286634564;
1997, 0.0427828197415;
1998, 0.0466751010186;
1999, 0.0494442364545;
2000, 0.051864809388;
2001, 0.0548405003808;
2002, 0.0574224448432;
2003, 0.0599462955552;
2004, 0.0619408476524;
2005, 0.0628961671034;
2006, 0.0646777087825;
2007, 0.0635545629414;
2008, 0.0623604136275;
2009, 0.0624185073779;
2010, 0.0626767018241;
2011, 0.0639289448884;
2012, 0.0645873407263;
2013, 0.0644840629478;
2014, 0.0646325247544;
