1988, 0.0023882986277;
1989, 0.00240120835001;
1990, 0.00252385071197;
1991, 0.002607763907;
1992, 0.00275622571358;
1993, 0.00279495488052;
1994, 0.00285304863092;
1995, 0.0029305069648;
1996, 0.00294341668711;
1997, 0.00303378474329;
1998, 0.00302087502098;
1999, 0.00303378474329;
2000, 0.00301442015982;
2001, 0.0031499722441;
2002, 0.00321452085566;
2003, 0.0032080659945;
2004, 0.00324679516144;
2005, 0.00333716321762;
2006, 0.0034275312738;
2007, 0.00347271530189;
2008, 0.00366636113657;
2009, 0.00387937155472;
2010, 0.00406656252824;
2011, 0.00422793405714;
2012, 0.00426666322407;
2013, 0.00438285072488;
2014, 0.00455067711494;
