1988, 0.0496959760396;
1989, 0.0512322329947;
1990, 0.0524715663366;
1991, 0.0533817017596;
1992, 0.0540336427363;
1993, 0.0555182608022;
1994, 0.0555634448303;
1995, 0.0557377260815;
1996, 0.0556215385807;
1997, 0.0554085281626;
1998, 0.0547759517693;
1999, 0.0550018719097;
2000, 0.0553633441345;
2001, 0.0560669240005;
2002, 0.0560991983062;
2003, 0.0561185628897;
2004, 0.0569641497011;
2005, 0.0580292017919;
2006, 0.0590877990214;
2007, 0.0627089761299;
2008, 0.0660396844864;
2009, 0.0684796220033;
2010, 0.0701449761816;
2011, 0.0719458824441;
2012, 0.0740437123197;
2013, 0.0765675630317;
2014, 0.0788784033255;
