1988, 0.0114509236906;
1989, 0.012335239669;
1990, 0.0126644375879;
1991, 0.0128064445334;
1992, 0.0129097223119;
1993, 0.0131937362027;
1994, 0.013658486206;
1995, 0.0137230348175;
1996, 0.013910225791;
1997, 0.0137617639845;
1998, 0.0138069480125;
1999, 0.0134648403713;
2000, 0.0134261112043;
2001, 0.0137682188456;
2002, 0.0138456771795;
2003, 0.0140909619034;
2004, 0.0140522327365;
2005, 0.0141942396819;
2006, 0.0143362466273;
2007, 0.0144976181562;
2008, 0.0145234376009;
2009, 0.0147170834355;
2010, 0.0150979202437;
2011, 0.015110829966;
2012, 0.0150140070487;
2013, 0.0148332709363;
2014, 0.0143685209331;
