1988, 0.0149171841314;
1989, 0.014652534824;
1990, 0.0141813299596;
1991, 0.0136649410671;
1992, 0.0132711945366;
1993, 0.0129355417565;
1994, 0.0126902570326;
1995, 0.0127548056441;
1996, 0.0126450730045;
1997, 0.0125869792541;
1998, 0.012625708421;
1999, 0.0124837014756;
2000, 0.0124385174475;
2001, 0.0124772466144;
2002, 0.0123868785582;
2003, 0.0125869792541;
2004, 0.0123546042525;
2005, 0.0122836007797;
2006, 0.0119350382773;
2007, 0.0118188507765;
2008, 0.0118833993881;
2009, 0.0119027639715;
2010, 0.0119737674443;
2011, 0.0119737674443;
2012, 0.0117413924426;
2013, 0.0116832986922;
2014, 0.0117413924426;
