1988, 0.0160016008056;
1989, 0.0159047778882;
1990, 0.0164857153923;
1991, 0.01647280567;
1992, 0.0170279237294;
1993, 0.017221569564;
1994, 0.017428125121;
1995, 0.0174087605376;
1996, 0.0175314028995;
1997, 0.017260298731;
1998, 0.0172022049806;
1999, 0.0172538438698;
2000, 0.0172280244252;
2001, 0.0171828403971;
2002, 0.0166922709493;
2003, 0.01664063206;
2004, 0.0164663508088;
2005, 0.0161887917791;
2006, 0.0161177883064;
2007, 0.0161694271956;
2008, 0.0159951459444;
2009, 0.0158918681659;
2010, 0.0156272188585;
2011, 0.0153948438569;
2012, 0.0154077535792;
2013, 0.0151818334388;
2014, 0.0149881876041;
