1988, 0.0183898994333;
1989, 0.0191451181885;
1990, 0.0194872258298;
1991, 0.0199261563884;
1992, 0.0203973612528;
1993, 0.0208362918114;
1994, 0.0213268612592;
1995, 0.0220820800145;
1996, 0.0226630175185;
1997, 0.0242896425298;
1998, 0.0251868682305;
1999, 0.0262002814319;
2000, 0.0264391112947;
2001, 0.0267037606021;
2002, 0.0269619550483;
2003, 0.0274977085243;
2004, 0.027859180749;
2005, 0.0337524689844;
2006, 0.0341462155149;
2007, 0.0330488891184;
2008, 0.0319773821665;
2009, 0.0311769793832;
2010, 0.0305314932676;
2011, 0.0303249377106;
2012, 0.030299118266;
2013, 0.0301506564594;
2014, 0.0301183821536;
