1988, 0.00305314932676;
1989, 0.00333070835646;
1990, 0.00343398613496;
1991, 0.00344044099611;
1992, 0.00357599308039;
1993, 0.00362117710848;
1994, 0.00365990627542;
1995, 0.00399555905552;
1996, 0.00404719794477;
1997, 0.0041311111398;
1998, 0.00413756600096;
1999, 0.00408592711171;
2000, 0.00422147919598;
2001, 0.0044538541976;
2002, 0.00460231600418;
2003, 0.00496378822892;
2004, 0.00507352086857;
2005, 0.00534462503712;
2006, 0.00554472573295;
2007, 0.00605465976427;
2008, 0.00649359032287;
2009, 0.00684860768645;
2010, 0.0073972708847;
2011, 0.00791365977718;
2012, 0.00824285769613;
2013, 0.00864951394895;
2014, 0.00891416325635;
