1988, 0.276106685945;
1989, 0.272130491473;
1990, 0.270955706743;
1991, 0.270329585211;
1992, 0.26987774493;
1993, 0.26742489769;
1994, 0.269464633816;
1995, 0.273699022734;
1996, 0.273757116484;
1997, 0.29165644647;
1998, 0.305127741702;
1999, 0.313538425788;
2000, 0.320600043893;
2001, 0.327306644634;
2002, 0.342624030157;
2003, 0.354023314958;
2004, 0.362169349737;
2005, 0.369327790759;
2006, 0.380010585972;
2007, 0.373394353287;
2008, 0.372251842863;
2009, 0.373904287319;
2010, 0.37982984986;
2011, 0.386788190186;
2012, 0.393494790927;
2013, 0.400750054866;
2014, 0.409980506319;
