1988, 0.000296923613173;
1989, 0.000322743057797;
1990, 0.000367927085888;
1991, 0.000458295142071;
1992, 0.00041311111398;
1993, 0.000361472224732;
1994, 0.000329197918953;
1995, 0.000316288196641;
1996, 0.000329197918953;
1997, 0.000361472224732;
1998, 0.000316288196641;
1999, 0.000387291669356;
2000, 0.000387291669356;
2001, 0.00041311111398;
2002, 0.000432475697448;
2003, 0.000451840280916;
2004, 0.000458295142071;
2005, 0.000477659725539;
2006, 0.000497024309007;
2007, 0.0003808368082;
2008, 0.000393746530512;
2009, 0.000432475697448;
2010, 0.000477659725539;
2011, 0.000490569447851;
2012, 0.000548663198255;
2013, 0.000548663198255;
2014, 0.000561572920566;
