1988, 0.00207201043106;
1989, 0.00202682640296;
1990, 0.00203973612528;
1991, 0.00197518751372;
1992, 0.0020655555699;
1993, 0.00208492015337;
1994, 0.00213655904261;
1995, 0.00220110765417;
1996, 0.00229793057151;
1997, 0.00218819793186;
1998, 0.00223338195995;
1999, 0.00225920140458;
2000, 0.0023882986277;
2001, 0.00241411807232;
2002, 0.00249803126735;
2003, 0.00256903474006;
2004, 0.00265294793509;
2005, 0.00253676043428;
2006, 0.00249803126735;
2007, 0.002607763907;
2008, 0.00261421876815;
2009, 0.00272395140781;
2010, 0.00262067362931;
2011, 0.00262712849047;
2012, 0.00252385071197;
2013, 0.00245930210041;
2014, 0.00243993751694;
