1988, 0.016434076503;
1989, 0.0176927744284;
1990, 0.0185835452679;
1991, 0.0195453195802;
1992, 0.0209847536179;
1993, 0.0220885348756;
1994, 0.0228372987697;
1995, 0.0237151598869;
1996, 0.0240637223893;
1997, 0.0246898439215;
1998, 0.0250254967016;
1999, 0.0255612501775;
2000, 0.0259743612915;
2001, 0.0266392119906;
2002, 0.0271168717161;
2003, 0.0270135939376;
2004, 0.0270652328268;
2005, 0.0277623578317;
2006, 0.0290275106182;
2007, 0.0300796529867;
2008, 0.031583635636;
2009, 0.0326035036986;
2010, 0.0335846425943;
2011, 0.0343269516273;
2012, 0.0350111669098;
2013, 0.0354436426072;
2014, 0.0360633092782;
