1988, 0.00455713197609;
1989, 0.00466686461574;
1990, 0.00482178128348;
1991, 0.00466040975459;
1992, 0.00484114586695;
1993, 0.00500897225701;
1994, 0.00508643059088;
1995, 0.00519616323053;
1996, 0.0053317153148;
1997, 0.0053768993429;
1998, 0.00537044448174;
1999, 0.0134390209267;
2000, 0.0136907605117;
2001, 0.0140715973199;
2002, 0.0144911632951;
2003, 0.0149365487148;
2004, 0.0156788577478;
2005, 0.0164405313642;
2006, 0.0169956494236;
2007, 0.0183963542944;
2008, 0.0194162223571;
2009, 0.0205651876428;
2010, 0.0213268612592;
2011, 0.0219594376525;
2012, 0.0225920140458;
2013, 0.0229534862705;
2014, 0.023385961968;
