1988, 0.00486696531158;
1989, 0.00490569447851;
1990, 0.00501542711816;
1991, 0.00530589587018;
1992, 0.00538980906521;
1993, 0.00557054517757;
1994, 0.00566736809491;
1995, 0.00567382295607;
1996, 0.00557054517757;
1997, 0.00548663198255;
1998, 0.00590619795768;
1999, 0.00576419101225;
2000, 0.00576419101225;
2001, 0.00602238545849;
2002, 0.00618375698739;
2003, 0.00620957643201;
2004, 0.00642258685016;
2005, 0.0067388750468;
2006, 0.0071778056054;
2007, 0.00743600005164;
2008, 0.00757155213591;
2009, 0.00770710422019;
2010, 0.00793302436065;
2011, 0.00793302436065;
2012, 0.00799111811105;
2013, 0.00797820838874;
2014, 0.00816539936226;
