1988, 0.00713262157731;
1989, 0.00706161810459;
1990, 0.00713262157731;
1991, 0.00731335768968;
1992, 0.00738436116239;
1993, 0.00744890977395;
1994, 0.00779747227637;
1995, 0.00783620144331;
1996, 0.00783620144331;
1997, 0.00773937852597;
1998, 0.00781683685984;
1999, 0.00795884380527;
2000, 0.00799111811105;
2001, 0.00789429519371;
2002, 0.00779101741522;
2003, 0.00785556602677;
2004, 0.00787493061024;
2005, 0.00801693755567;
2006, 0.00792011463833;
2007, 0.00801693755567;
2008, 0.00806857644492;
2009, 0.00776519797059;
2010, 0.0075586424136;
2011, 0.00743600005164;
2012, 0.00706161810459;
2013, 0.00660977782368;
2014, 0.00621603129317;
