1988, 0.00607402434774;
1989, 0.00583519448497;
1990, 0.00590619795768;
1991, 0.00579646531803;
1992, 0.00570609726185;
1993, 0.00562863892798;
1994, 0.00538980906521;
1995, 0.00513806948013;
1996, 0.00466686461574;
1997, 0.00471204864383;
1998, 0.00482178128348;
1999, 0.00455713197609;
2000, 0.00417629516789;
2001, 0.00395037502743;
2002, 0.00364054169195;
2003, 0.00351789932999;
2004, 0.00327261460606;
2005, 0.00310478821601;
2006, 0.00293696182595;
2007, 0.0030466944656;
2008, 0.00309833335485;
2009, 0.00315642710525;
2010, 0.00337589238455;
2011, 0.00335652780109;
2012, 0.00345980557958;
2013, 0.00348562502421;
2014, 0.00354371877461;
