1988, 0.0193581286067;
1989, 0.0191903022166;
1990, 0.0191838473554;
1991, 0.0191709376331;
1992, 0.0193064897174;
1993, 0.0190805695769;
1994, 0.01904184041;
1995, 0.0191773924943;
1996, 0.01904184041;
1997, 0.0189772917985;
1998, 0.0188159202696;
1999, 0.0187771911026;
2000, 0.0185383612398;
2001, 0.0181187952647;
2002, 0.0175443126218;
2003, 0.0171505660913;
2004, 0.0170021042847;
2005, 0.0167439098385;
2006, 0.016350163308;
2007, 0.0159047778882;
2008, 0.0159757813609;
2009, 0.0158079549709;
2010, 0.0157756806651;
2011, 0.015317385523;
2012, 0.0153754792734;
2013, 0.015440027885;
2014, 0.0154271181627;
