1988, 0.0297827293735;
1989, 0.0306024967403;
1990, 0.0310220627154;
1991, 0.031002698132;
1992, 0.0315061773021;
1993, 0.0316030002195;
1994, 0.0312027988278;
1995, 0.030757413408;
1996, 0.0296407224281;
1997, 0.0417952259847;
1998, 0.041188469036;
1999, 0.0406656252824;
2000, 0.0388582641587;
2001, 0.0365796981707;
2002, 0.0352629064949;
2003, 0.0346755141297;
2004, 0.0332748092589;
2005, 0.0331457120357;
2006, 0.0324163127251;
2007, 0.0319709273054;
2008, 0.0323130349466;
2009, 0.0324227675863;
2010, 0.0323194898078;
2011, 0.0332167155084;
2012, 0.0334168162043;
2013, 0.0334555453712;
2014, 0.0333329030093;
