1988, 0.000438930558604;
1989, 0.000477659725539;
1990, 0.000497024309007;
1991, 0.000516388892475;
1992, 0.000516388892475;
1993, 0.000561572920566;
1994, 0.000561572920566;
1995, 0.00061966667097;
1996, 0.000658395837906;
1997, 0.000716489588309;
1998, 0.000935954867611;
1999, 0.000987593756858;
2000, 0.00100695834033;
2001, 0.00100695834033;
2002, 0.00096822917339;
2003, 0.00111023611882;
2004, 0.00111669097998;
2005, 0.00118769445269;
2006, 0.001200604175;
2007, 0.00125869792541;
2008, 0.001200604175;
2009, 0.00128451737003;
2010, 0.00143297917662;
2011, 0.00163953473361;
2012, 0.00176863195673;
2013, 0.00185900001291;
2014, 0.00193000348563;
