1988, 0.0171441112302;
1989, 0.0169504653955;
1990, 0.0173248473425;
1991, 0.0174474897045;
1992, 0.0171570209525;
1993, 0.016931100812;
1994, 0.0168600973393;
1995, 0.0165760834484;
1996, 0.0166148126154;
1997, 0.0168020035889;
1998, 0.0166341771988;
1999, 0.0165760834484;
2000, 0.016556718865;
2001, 0.0163178890022;
2002, 0.0164598959476;
2003, 0.0168407327558;
2004, 0.017015014007;
2005, 0.0167503646997;
2006, 0.0164598959476;
2007, 0.0164276216419;
2008, 0.0162210660849;
2009, 0.0160274202502;
2010, 0.0154464827462;
2011, 0.0152270174669;
2012, 0.0149494584371;
2013, 0.0145815313513;
2014, 0.0142587882935;
