1988, 0.0113799202179;
1989, 0.0111475452163;
1990, 0.0113928299402;
1991, 0.0114638334129;
1992, 0.0113992848014;
1993, 0.0117930313319;
1994, 0.0161758820568;
1995, 0.016847187617;
1996, 0.0173700313706;
1997, 0.0177508681788;
1998, 0.0251545939247;
1999, 0.0253159654536;
2000, 0.0254321529544;
2001, 0.0257097119841;
2002, 0.0258904480965;
2003, 0.0256322536502;
2004, 0.0250190418404;
2005, 0.0245672015595;
2006, 0.0237861633596;
2007, 0.0229405765482;
2008, 0.0222563612657;
2009, 0.02144304876;
2010, 0.0206684654213;
2011, 0.019951975833;
2012, 0.0193129445786;
2013, 0.0183576251275;
2014, 0.0177508681788;
