1988, 0.0276268057474;
1989, 0.0277107189424;
1990, 0.0280140974168;
1991, 0.0284982120035;
1992, 0.0291049689521;
1993, 0.029059784924;
1994, 0.0288725939505;
1995, 0.0290275106182;
1996, 0.0291372432579;
1997, 0.0296665418727;
1998, 0.0301506564594;
1999, 0.0307767779915;
2000, 0.0309058752146;
2001, 0.0316417293864;
2002, 0.0315707259137;
2003, 0.0323259446689;
2004, 0.0328552432837;
2005, 0.0327455106441;
2006, 0.0325647745317;
2007, 0.0326228682821;
2008, 0.0325454099482;
2009, 0.0326680523102;
2010, 0.03199674675;
2011, 0.0315061773021;
2012, 0.0309446043816;
2013, 0.0302281147933;
2014, 0.0349207988536;
