1988, 0.00185254515175;
1989, 0.0018460902906;
1990, 0.0019622777914;
1991, 0.00198809723603;
1992, 0.00199455209718;
1993, 0.00204619098643;
1994, 0.00213010418146;
1995, 0.00207201043106;
1996, 0.00198809723603;
1997, 0.00198809723603;
1998, 0.00185254515175;
1999, 0.00185900001291;
2000, 0.00180736112366;
2001, 0.00180736112366;
2002, 0.00192354862447;
2003, 0.00211073959799;
2004, 0.00218819793186;
2005, 0.00232375001614;
2006, 0.00249803126735;
2007, 0.00258839932353;
2008, 0.00269813196318;
2009, 0.00281431946399;
2010, 0.00278204515821;
2011, 0.0029886007152;
2012, 0.00311124307716;
2013, 0.00303378474329;
2014, 0.0031499722441;
