1988, 0.00617084726508;
1989, 0.00606111462542;
1990, 0.00590619795768;
1991, 0.00568673267838;
1992, 0.00573837156763;
1993, 0.00580292017919;
1994, 0.00610629865352;
1995, 0.00617084726508;
1996, 0.00642258685016;
1997, 0.00662268754599;
1998, 0.00671305560217;
1999, 0.00694543060379;
2000, 0.00682924310298;
2001, 0.00704870838228;
2002, 0.00699706949304;
2003, 0.0070164340765;
2004, 0.00704870838228;
2005, 0.00728753824505;
2006, 0.00693897574263;
2007, 0.00686151740876;
2008, 0.00659041324021;
2009, 0.00659686810137;
2010, 0.00653877435096;
2011, 0.0061966667097;
2012, 0.0060352951808;
2013, 0.00577710073456;
2014, 0.0053768993429;
