1988, 0.0252449619809;
1989, 0.0250125869793;
1990, 0.0248705800338;
1991, 0.0247866668388;
1992, 0.0244187397529;
1993, 0.0240637223893;
1994, 0.024050812667;
1995, 0.0239410800274;
1996, 0.0238507119712;
1997, 0.0253869689263;
1998, 0.0271620557442;
1999, 0.0280011876945;
2000, 0.0286337640877;
2001, 0.0290146008959;
2002, 0.029556809233;
2003, 0.0306089516015;
2004, 0.0309962432708;
2005, 0.0312286182724;
2006, 0.0319515627219;
2007, 0.0313060766063;
2008, 0.0310737016047;
2009, 0.0316352745252;
2010, 0.0322226668904;
2011, 0.0333780870373;
2012, 0.0341978544042;
2013, 0.0351596287164;
2014, 0.0359471217774;
