1988, 0.00357599308039;
1989, 0.00669369101871;
1990, 0.00693252088148;
1991, 0.00717135074425;
1992, 0.00744245491279;
1993, 0.00798466324989;
1994, 0.00846232297543;
1995, 0.00920463200837;
1996, 0.00974038548431;
1997, 0.0106311563238;
1998, 0.0115283820245;
1999, 0.0120318611947;
2000, 0.0122965105021;
2001, 0.0124966111979;
2002, 0.0124449723086;
2003, 0.012503066059;
2004, 0.0124901563367;
2005, 0.0123481493913;
2006, 0.0121803230013;
2007, 0.0117865764707;
2008, 0.011257277856;
2009, 0.0112443681336;
2010, 0.0113347361898;
2011, 0.0113605556344;
2012, 0.0114767431353;
2013, 0.0117284827203;
2014, 0.0121157743897;
