1988, 0.00904326047947;
1989, 0.00952092020501;
1990, 0.00983720840165;
1991, 0.010224500071;
1992, 0.0108312570197;
1993, 0.0109861736874;
1994, 0.0112056389667;
1995, 0.0115283820245;
1996, 0.0116962084146;
1997, 0.0158983230271;
1998, 0.0163307987245;
1999, 0.0165760834484;
2000, 0.0169956494236;
2001, 0.0172861181756;
2002, 0.0174539445657;
2003, 0.0178541459573;
2004, 0.0183124410994;
2005, 0.0186416390183;
2006, 0.0188804688811;
2007, 0.0194678612463;
2008, 0.0205587327817;
2009, 0.0212300383419;
2010, 0.0215011425104;
2011, 0.0218303404294;
2012, 0.022269270988;
2013, 0.0226501077962;
2014, 0.0225145557119;
