1988, 0.05935890319;
1989, 0.0599269309717;
1990, 0.0599333858329;
1991, 0.0600108441667;
1992, 0.0611210802856;
1993, 0.0625927886291;
1994, 0.0633544622455;
1995, 0.0637933928041;
1996, 0.0651747330915;
1997, 0.0662914240715;
1998, 0.0665173442119;
1999, 0.0660396844864;
2000, 0.067182194911;
2001, 0.0666658060185;
2002, 0.065981590736;
2003, 0.0634448303017;
2004, 0.0615922851499;
2005, 0.0595977330528;
2006, 0.0589909761041;
2007, 0.0584939517951;
2008, 0.0574869934548;
2009, 0.0570609726185;
2010, 0.0560217399724;
2011, 0.0557958198319;
2012, 0.0558216392765;
2013, 0.0546791288519;
2014, 0.0548792295478;
