1988, 0.139295903745;
1989, 0.14233614335;
1990, 0.144808355172;
1991, 0.14468571281;
1992, 0.144821264895;
1993, 0.146221969765;
1994, 0.147932507972;
1995, 0.14820361214;
1996, 0.147429028802;
1997, 0.145318289204;
1998, 0.142349053072;
1999, 0.139818747499;
2000, 0.137036702341;
2001, 0.138740785686;
2002, 0.139767108609;
2003, 0.139676740553;
2004, 0.138618143324;
2005, 0.138411587767;
2006, 0.138456771795;
2007, 0.138004931514;
2008, 0.137062521785;
2009, 0.138153393321;
2010, 0.139334632912;
2011, 0.141755205846;
2012, 0.140690153755;
2013, 0.139709014859;
2014, 0.137766101651;
