1988, 0.00910780909103;
1989, 0.00942409728767;
1990, 0.00983720840165;
1991, 0.0103794167387;
1992, 0.0108312570197;
1993, 0.0109087153535;
1994, 0.0112637327171;
1995, 0.0117349375815;
1996, 0.0119350382773;
1997, 0.0120770452228;
1998, 0.0128128993945;
1999, 0.0133228334259;
2000, 0.0138392223183;
2001, 0.0140393230142;
2002, 0.0145750764901;
2003, 0.0150850105214;
2004, 0.0153883889958;
2005, 0.0156143091362;
2006, 0.0157046771924;
2007, 0.0160726042783;
2008, 0.016020965389;
2009, 0.0156530383031;
2010, 0.0155497605247;
2011, 0.015562670247;
2012, 0.0158402292767;
2013, 0.0159951459444;
2014, 0.0162791598353;
