1988, 0.00222047223764;
1989, 0.00415693058442;
1990, 0.00430539239101;
1991, 0.00442157989182;
1992, 0.00461522572649;
1993, 0.00465395489343;
1994, 0.00479596183886;
1995, 0.00504124656279;
1996, 0.00520261809168;
1997, 0.00528653128671;
1998, 0.00568027781722;
1999, 0.00582873962381;
2000, 0.00622248615432;
2001, 0.00640322226669;
2002, 0.00655168407328;
2003, 0.00706161810459;
2004, 0.00747472921857;
2005, 0.00796529866643;
2006, 0.00843650353081;
2007, 0.00920463200837;
2008, 0.0099469410413;
2009, 0.0103342327107;
2010, 0.0107086146577;
2011, 0.0110378125767;
2012, 0.0111281806328;
2013, 0.0111862743832;
2014, 0.0112314584113;
