1988, 0.00374381947044;
1989, 0.00364054169195;
1990, 0.00356953821923;
1991, 0.00358244794154;
1992, 0.00366636113657;
1993, 0.003808368082;
1994, 0.00399555905552;
1995, 0.00409238197286;
1996, 0.0042924826687;
1997, 0.00447967364222;
1998, 0.00472495836615;
1999, 0.00500251739585;
2000, 0.00534462503712;
2001, 0.00567382295607;
2002, 0.00584164934612;
2003, 0.0059772014304;
2004, 0.00623539587663;
2005, 0.00626767018241;
2006, 0.00642258685016;
2007, 0.00668723615755;
2008, 0.00681633338067;
2009, 0.00702288893766;
2010, 0.00713907643847;
2011, 0.00735208685661;
2012, 0.00773937852597;
2013, 0.00810730561186;
2014, 0.00828804172422;
