1988, 0.0208814758395;
1989, 0.0207071945882;
1990, 0.0207523786163;
1991, 0.0203973612528;
1992, 0.0197002362479;
1993, 0.0189966563819;
1994, 0.0185900001291;
1995, 0.0175378577607;
1996, 0.0167826390054;
1997, 0.0157369514982;
1998, 0.0144782535728;
1999, 0.0135100243994;
2000, 0.0127225313384;
2001, 0.0123416945302;
2002, 0.0117349375815;
2003, 0.0112250035502;
2004, 0.0107860729916;
2005, 0.0104052361834;
2006, 0.0104568750726;
2007, 0.0104633299338;
2008, 0.0109990834097;
2009, 0.0114186493849;
2010, 0.0120641355004;
2011, 0.0125547049483;
2012, 0.0137101250952;
2013, 0.014362066072;
2014, 0.0148009966306;
