1988, 0.00724235421696;
1989, 0.00713262157731;
1990, 0.00722298963349;
1991, 0.00737790630124;
1992, 0.00761028130285;
1993, 0.00766837505325;
1994, 0.00762319102516;
1995, 0.00793302436065;
1996, 0.00829449658538;
1997, 0.00849459728121;
1998, 0.00859142019855;
1999, 0.00895934728444;
2000, 0.00932081950917;
2001, 0.00961774312235;
2002, 0.00975975006778;
2003, 0.00980493409587;
2004, 0.00999857993055;
2005, 0.0102890486826;
2006, 0.0104826945172;
2007, 0.0108699861866;
2008, 0.0110959063271;
2009, 0.011509017441;
2010, 0.0117220278592;
2011, 0.0123481493913;
2012, 0.0125676146706;
2013, 0.0130194549515;
2014, 0.0134261112043;
