1988, 0.00711325699384;
1989, 0.0128774480061;
1990, 0.0133034688424;
1991, 0.0137165799564;
1992, 0.0140393230142;
1993, 0.0138779514853;
1994, 0.0140845070423;
1995, 0.0140393230142;
1996, 0.0137359445398;
1997, 0.013329288287;
1998, 0.0127418959218;
1999, 0.0121545035566;
2000, 0.0118640348046;
2001, 0.0107344341023;
2002, 0.0103406875718;
2003, 0.00990175701321;
2004, 0.00948219103807;
2005, 0.00933372923148;
2006, 0.00915299311912;
2007, 0.00898516672906;
2008, 0.00875279172745;
2009, 0.00863014936549;
2010, 0.00871406256051;
2011, 0.00871406256051;
2012, 0.00887543408941;
2013, 0.00868824311589;
2014, 0.009023895896;
