1988, 0.0125676146706;
1989, 0.0131679167581;
1990, 0.0134648403713;
1991, 0.0138973160687;
1992, 0.0143168820439;
1993, 0.0144847084339;
1994, 0.014362066072;
1995, 0.0141426007927;
1996, 0.013865041763;
1997, 0.0127418959218;
1998, 0.0118188507765;
1999, 0.0110636320213;
2000, 0.0104504202115;
2001, 0.00983075354049;
2002, 0.00952737506616;
2003, 0.00939827784304;
2004, 0.00911426395218;
2005, 0.00897225700675;
2006, 0.00901744103484;
2007, 0.00879152089439;
2008, 0.00893998270097;
2009, 0.00904326047947;
2010, 0.0089206181175;
2011, 0.00883670492248;
2012, 0.00860432992086;
2013, 0.00847523269774;
2014, 0.00800402783336;
