1988, 0.0069583403261;
1989, 0.00679051393605;
1990, 0.00673242018564;
1991, 0.00709389241037;
1992, 0.00729399310621;
1993, 0.00719717018887;
1994, 0.00680987851951;
1995, 0.00680987851951;
1996, 0.00643549657247;
1997, 0.00655813893443;
1998, 0.00614502782045;
1999, 0.00575128128994;
2000, 0.00540271878752;
2001, 0.005215527814;
2002, 0.00518970836937;
2003, 0.00511870489666;
2004, 0.00497669795123;
2005, 0.0048346910058;
2006, 0.00474432294961;
2007, 0.00474432294961;
2008, 0.0047895069777;
2009, 0.00498960767354;
2010, 0.00492505906198;
2011, 0.00486696531158;
2012, 0.00513806948013;
2013, 0.00526071184209;
2014, 0.00557700003873;
