1988, 0.00347917016305;
1989, 0.00350498960767;
1990, 0.00361472224732;
1991, 0.0035889028027;
1992, 0.00357599308039;
1993, 0.00362763196964;
1994, 0.00378254863738;
1995, 0.00360826738617;
1996, 0.0035889028027;
1997, 0.00366636113657;
1998, 0.003808368082;
1999, 0.00385355211009;
2000, 0.00387937155472;
2001, 0.00426666322407;
2002, 0.00611920837583;
2003, 0.00636449309975;
2004, 0.00680342365836;
2005, 0.0071778056054;
2006, 0.00766837505325;
2007, 0.00814603477879;
2008, 0.00861723964318;
2009, 0.00904326047947;
2010, 0.00965647228928;
2011, 0.0100243993752;
2012, 0.0105601528511;
2013, 0.0106892500742;
2014, 0.0109216250758;
