1988, 0.00929500006455;
1989, 0.00982429867934;
1990, 0.010224500071;
1991, 0.0104116910445;
1992, 0.0105924271569;
1993, 0.0106634306296;
1994, 0.0110313577155;
1995, 0.0114186493849;
1996, 0.0114573785518;
1997, 0.0113928299402;
1998, 0.0110765417436;
1999, 0.0107150695189;
2000, 0.0103729618776;
2001, 0.010308413266;
2002, 0.00992112159667;
2003, 0.00986948270743;
2004, 0.00974038548431;
2005, 0.00939827784304;
2006, 0.00873342714398;
2007, 0.00877215631092;
2008, 0.00844295839196;
2009, 0.00825576741844;
2010, 0.00804921186145;
2011, 0.00777165283175;
2012, 0.00741663546817;
2013, 0.00717135074425;
2014, 0.00702288893766;
