1988, 0.311156582022;
1989, 0.306005602819;
1990, 0.297440002066;
1991, 0.293315345787;
1992, 0.289603800622;
1993, 0.283923522805;
1994, 0.285143491563;
1995, 0.285395231149;
1996, 0.288280554085;
1997, 0.295535818025;
1998, 0.302739443075;
1999, 0.306689818102;
2000, 0.310491731323;
2001, 0.31215063064;
2002, 0.32594466893;
2003, 0.332457623837;
2004, 0.337040575257;
2005, 0.337550509289;
2006, 0.336479002337;
2007, 0.333542040511;
2008, 0.334891106492;
2009, 0.338357366933;
2010, 0.341274964176;
2011, 0.343986005861;
2012, 0.347607182969;
2013, 0.350821703825;
2014, 0.355365926079;
