1988, 0.0136068473167;
1989, 0.0137811285679;
1990, 0.0141942396819;
1991, 0.0145750764901;
1992, 0.0150914653826;
1993, 0.0154723021908;
1994, 0.0158660487213;
1995, 0.016020965389;
1996, 0.0164147119195;
1997, 0.0165502640038;
1998, 0.0166341771988;
1999, 0.016556718865;
2000, 0.0168407327558;
2001, 0.016931100812;
2002, 0.017221569564;
2003, 0.0174152153987;
2004, 0.0175636772053;
2005, 0.0175701320665;
2006, 0.0177702327623;
2007, 0.017963878597;
2008, 0.0181833438763;
2009, 0.018422173739;
2010, 0.0181639792928;
2011, 0.018376989711;
2012, 0.0178735105408;
2013, 0.0175249480384;
2014, 0.0169569202566;
