1988, 0.0273169724119;
1989, 0.0275428925524;
1990, 0.0281431946399;
1991, 0.0286079446431;
1992, 0.0287822258943;
1993, 0.0285563057539;
1994, 0.0292211564529;
1995, 0.0295826286777;
1996, 0.0297698196512;
1997, 0.0293954377041;
1998, 0.0296084481223;
1999, 0.0297504550677;
2000, 0.0300086495139;
2001, 0.0301958404875;
2002, 0.0304798543783;
2003, 0.0310543370212;
2004, 0.0305766772957;
2005, 0.0301958404875;
2006, 0.0296923613173;
2007, 0.0290468752017;
2008, 0.0286660383935;
2009, 0.028188378668;
2010, 0.0280399168614;
2011, 0.0279947328333;
2012, 0.027155600883;
2013, 0.026368107822;
2014, 0.02607763907;
