1988, 0.00402137850015;
1989, 0.00414402086211;
1990, 0.00412465627864;
1991, 0.00409238197286;
1992, 0.00404719794477;
1993, 0.00407947225055;
1994, 0.00406656252824;
1995, 0.00423438891829;
1996, 0.00438930558604;
1997, 0.00451840280916;
1998, 0.00447967364222;
1999, 0.00460231600418;
2000, 0.00465395489343;
2001, 0.0047314132273;
2002, 0.00490569447851;
2003, 0.00484760072811;
2004, 0.00509288545203;
2005, 0.005215527814;
2006, 0.00520261809168;
2007, 0.00557054517757;
2008, 0.00589328823537;
2009, 0.00588037851306;
2010, 0.00600947573618;
2011, 0.00613211809814;
2012, 0.0062547604601;
2013, 0.00637094796091;
2014, 0.00633221879397;
