1988, 0.0635222886356;
1989, 0.0656201185113;
1990, 0.0670079136598;
1991, 0.068757181033;
1992, 0.0709131046591;
1993, 0.0730561185629;
1994, 0.0748699345477;
1995, 0.0761996359458;
1996, 0.0776003408167;
1997, 0.0767547540052;
1998, 0.0766450213656;
1999, 0.0766256567821;
2000, 0.0772388685919;
2001, 0.0781554588761;
2002, 0.0796400769419;
2003, 0.0802339241683;
2004, 0.0806534901434;
2005, 0.0810020526458;
2006, 0.081382889454;
2007, 0.0813570700094;
2008, 0.0819250977911;
2009, 0.0822542957101;
2010, 0.0834161707182;
2011, 0.0836550005809;
2012, 0.0842811221131;
2013, 0.0839261047495;
2014, 0.0936406707892;
