1988, 0.0360310349724;
1989, 0.035269361356;
1990, 0.0352241773279;
1991, 0.0355275558023;
1992, 0.0355727398304;
1993, 0.0355856495527;
1994, 0.0361149481675;
1995, 0.0367927085888;
1996, 0.0374123752598;
1997, 0.0375414724829;
1998, 0.0383096009605;
1999, 0.0385677954067;
2000, 0.0398135836098;
2001, 0.0400201391668;
2002, 0.0408592711171;
2003, 0.0410400072294;
2004, 0.0409044551452;
2005, 0.0400717780561;
2006, 0.0396263926363;
2007, 0.0390131808265;
2008, 0.0379545835969;
2009, 0.0377286634564;
2010, 0.0373413717871;
2011, 0.0364957849757;
2012, 0.0357341113593;
2013, 0.0348497953809;
2014, 0.0340429377364;
