1988, 0.0112701875783;
1989, 0.0114315591072;
1990, 0.0115735660526;
1991, 0.0119156736939;
1992, 0.0119866771666;
1993, 0.0121738681401;
1994, 0.0127289861995;
1995, 0.0135681181498;
1996, 0.0137036702341;
1997, 0.0150333716322;
1998, 0.0161952466402;
1999, 0.0174023056764;
2000, 0.0185254515175;
2001, 0.0191773924943;
2002, 0.0200681633338;
2003, 0.0210041182014;
2004, 0.0215786008443;
2005, 0.0221724480706;
2006, 0.0229405765482;
2007, 0.0224564619615;
2008, 0.0222047223764;
2009, 0.0219271633467;
2010, 0.0216883334839;
2011, 0.0214688682046;
2012, 0.0213720452873;
2013, 0.0216560591782;
2014, 0.0217399723732;
