1988, 0.00861723964318;
1989, 0.00876570144976;
1990, 0.00887543408941;
1991, 0.0089658021456;
1992, 0.00919172228605;
1993, 0.00935954867611;
1994, 0.00952737506616;
1995, 0.00939182298189;
1996, 0.00949510076038;
1997, 0.00941764242651;
1998, 0.00924981603646;
1999, 0.00931436464802;
2000, 0.0091852674249;
2001, 0.00923690631415;
2002, 0.00917881256374;
2003, 0.00917881256374;
2004, 0.00936600353726;
2005, 0.00952092020501;
2006, 0.00945637159345;
2007, 0.00950801048269;
2008, 0.00961128826119;
2009, 0.00959192367772;
2010, 0.00969520145622;
2011, 0.00975975006778;
2012, 0.00959837853888;
2013, 0.00949510076038;
2014, 0.00919172228605;
