1988, 0.00704225352113;
1989, 0.00735208685661;
1990, 0.00744245491279;
1991, 0.00768773963672;
1992, 0.00805566672261;
1993, 0.00824285769613;
1994, 0.00877861117207;
1995, 0.00923045145299;
1996, 0.00954673964963;
1997, 0.0096822917339;
1998, 0.0101341320148;
1999, 0.0105020591007;
2000, 0.0106634306296;
2001, 0.0106569757685;
2002, 0.0106698854908;
2003, 0.0103535972941;
2004, 0.0100308542363;
2005, 0.00959837853888;
2006, 0.00915944798027;
2007, 0.00864951394895;
2008, 0.00812667019532;
2009, 0.00746827435742;
2010, 0.00695188546494;
2011, 0.00631285421051;
2012, 0.00585455906843;
2013, 0.00573837156763;
2014, 0.00548017712139;
