1988, 0.00355017363577;
1989, 0.00364054169195;
1990, 0.0036469965531;
1991, 0.00368572572004;
1992, 0.00368572572004;
1993, 0.00373090974813;
1994, 0.00378900349853;
1995, 0.00407947225055;
1996, 0.00438930558604;
1997, 0.00480241670002;
1998, 0.00522843753631;
1999, 0.00568673267838;
2000, 0.00595138198577;
2001, 0.00626767018241;
2002, 0.00648068060056;
2003, 0.0067969687972;
2004, 0.00686797226992;
2005, 0.00697770490957;
2006, 0.00702288893766;
2007, 0.00697770490957;
2008, 0.00696479518726;
2009, 0.00698415977072;
2010, 0.00709389241037;
2011, 0.00720362505003;
2012, 0.0071778056054;
2013, 0.00720362505003;
2014, 0.00710034727153;
