1988, 0.0192419411058;
1989, 0.0200100695834;
1990, 0.0204425452809;
1991, 0.0206942848659;
1992, 0.0208556563948;
1993, 0.0208362918114;
1994, 0.0210170279237;
1995, 0.0210493022295;
1996, 0.0217657918178;
1997, 0.0222950904326;
1998, 0.0225403751565;
1999, 0.0230244897432;
2000, 0.0234956946076;
2001, 0.0245607466983;
2002, 0.0250706807297;
2003, 0.025787170318;
2004, 0.0261809168485;
2005, 0.0262712849047;
2006, 0.0263035592104;
2007, 0.0260324550419;
2008, 0.0257032571229;
2009, 0.0249157640619;
2010, 0.0239475348885;
2011, 0.022682382102;
2012, 0.0217528820955;
2013, 0.0207975626444;
2014, 0.0196937813868;
