1988, 0.00464104517112;
1989, 0.00454422225378;
1990, 0.00453776739262;
1991, 0.00472495836615;
1992, 0.0046733194769;
1993, 0.00484114586695;
1994, 0.0048346910058;
1995, 0.00498315281238;
1996, 0.00498315281238;
1997, 0.00515097920244;
1998, 0.00520261809168;
1999, 0.00539626392636;
2000, 0.00545435767677;
2001, 0.00548663198255;
2002, 0.00546726739908;
2003, 0.00566736809491;
2004, 0.00573837156763;
2005, 0.00569318753954;
2006, 0.00582873962381;
2007, 0.0058739236519;
2008, 0.00604820490311;
2009, 0.00628057990473;
2010, 0.00639676740553;
2011, 0.00643549657247;
2012, 0.00645486115594;
2013, 0.00639031254438;
2014, 0.00661623268483;
