1988, 0.00823640283498;
1989, 0.0082041285292;
1990, 0.0087011528382;
1991, 0.00870760769936;
1992, 0.00891416325635;
1993, 0.00906907992409;
1994, 0.00889479867288;
1995, 0.00866887853242;
1996, 0.00872051742167;
1997, 0.00852687158699;
1998, 0.00852041672584;
1999, 0.00847523269774;
2000, 0.00795884380527;
2001, 0.00825576741844;
2002, 0.0085397813093;
2003, 0.00861078478202;
2004, 0.0088625243671;
2005, 0.0091852674249;
2006, 0.00950155562154;
2007, 0.00945637159345;
2008, 0.00948864589923;
2009, 0.00954028478847;
2010, 0.00958546881657;
2011, 0.009727475762;
2012, 0.00995339590245;
2013, 0.0103148681272;
2014, 0.0107150695189;
