1988, 0.023431145996;
1989, 0.0221724480706;
1990, 0.0209266598675;
1991, 0.0198035140264;
1992, 0.0186029098514;
1993, 0.0176088612334;
1994, 0.0164276216419;
1995, 0.015937052194;
1996, 0.0157756806651;
1997, 0.0153432049677;
1998, 0.0153625695511;
1999, 0.0155110313577;
2000, 0.0154916667742;
2001, 0.0158789584436;
2002, 0.0162339758072;
2003, 0.0167955487277;
2004, 0.0171312015079;
2005, 0.0179057848466;
2006, 0.0186868230464;
2007, 0.0192613056893;
2008, 0.0201778959735;
2009, 0.0212494029253;
2010, 0.0219658925137;
2011, 0.0230051251598;
2012, 0.0235602432192;
2013, 0.0239991737778;
2014, 0.0244251946141;
