1988, 0.0796529866643;
1989, 0.078484656795;
1990, 0.0770968616465;
1991, 0.0743083616271;
1992, 0.0718490595267;
1993, 0.069254205342;
1994, 0.0662204205988;
1995, 0.0637546636372;
1996, 0.0627670698803;
1997, 0.0619860316805;
1998, 0.0628832573811;
1999, 0.0652328268419;
2000, 0.0659041324021;
2001, 0.0655749344832;
2002, 0.0647099830883;
2003, 0.0639805837776;
2004, 0.0623733233498;
2005, 0.0610048927848;
2006, 0.0602884031964;
2007, 0.0591846219388;
2008, 0.057041608035;
2009, 0.0553568892733;
2010, 0.0532977885646;
2011, 0.0524392920308;
2012, 0.0507610281303;
2013, 0.0503091878494;
2014, 0.0499606253469;
