1988, 0.00868178825473;
1989, 0.00904971534062;
1990, 0.00914008339681;
1991, 0.00911426395218;
1992, 0.00923690631415;
1993, 0.0094628264546;
1994, 0.00965001742813;
1995, 0.00981138895702;
1996, 0.0100373090975;
1997, 0.0101986806264;
1998, 0.0103858715999;
1999, 0.010844166742;
2000, 0.0112701875783;
2001, 0.0115412917468;
2002, 0.011922128555;
2003, 0.0125740695318;
2004, 0.0132647396754;
2005, 0.0143749757943;
2006, 0.0147170834355;
2007, 0.0222886355714;
2008, 0.0239346251662;
2009, 0.0250513161462;
2010, 0.0256128890668;
2011, 0.0262196460154;
2012, 0.0266779411575;
2013, 0.0274331599127;
2014, 0.0274589793574;
