1988, 0.032990795368;
1989, 0.032287215502;
1990, 0.0314739029963;
1991, 0.0304927641006;
1992, 0.0301506564594;
1993, 0.0297310904842;
1994, 0.0295955384;
1995, 0.0291049689521;
1996, 0.0291372432579;
1997, 0.0289048682563;
1998, 0.0290533300629;
1999, 0.0293567085372;
2000, 0.0294987154826;
2001, 0.0298666425685;
2002, 0.0303184828494;
2003, 0.0315965453583;
2004, 0.0317385523037;
2005, 0.0320161113334;
2006, 0.0321710280012;
2007, 0.0321064793896;
2008, 0.0316094550806;
2009, 0.0316417293864;
2010, 0.031874104388;
2011, 0.031958017583;
2012, 0.0318934689715;
2013, 0.0317385523037;
2014, 0.0320225661946;
