1988, 0.00121996875847;
1989, 0.00125224306425;
1990, 0.00129097223119;
1991, 0.0013619757039;
1992, 0.00135552084275;
1993, 0.00140715973199;
1994, 0.00143297917662;
1995, 0.00154271181627;
1996, 0.00171053820632;
1997, 0.00176217709557;
1998, 0.00166535417823;
1999, 0.00181381598482;
2000, 0.00179445140135;
2001, 0.00191709376331;
2002, 0.00196873265256;
2003, 0.00213655904261;
2004, 0.00224629168227;
2005, 0.00220756251533;
2006, 0.00227211112689;
2007, 0.00224629168227;
2008, 0.00242057293348;
2009, 0.00259485418469;
2010, 0.00272395140781;
2011, 0.00281431946399;
2012, 0.00294987154826;
2013, 0.00316288196641;
2014, 0.00318224654988;
