1988, 0.011425104246;
1989, 0.0118123959154;
1990, 0.0122448716128;
1991, 0.0123933334194;
1992, 0.0125353403648;
1993, 0.0125869792541;
1994, 0.0129032674507;
1995, 0.0133486528705;
1996, 0.0137036702341;
1997, 0.0140199584307;
1998, 0.0140909619034;
1999, 0.0142846077381;
2000, 0.0146912639909;
2001, 0.0150914653826;
2002, 0.0151947431611;
2003, 0.0155433056635;
2004, 0.0156917674701;
2005, 0.0159176876105;
2006, 0.0160145105279;
2007, 0.0170472883128;
2008, 0.0179832431804;
2009, 0.018376989711;
2010, 0.0187255522134;
2011, 0.0189772917985;
2012, 0.0191580279108;
2013, 0.0193064897174;
2014, 0.0192806702728;
