1988, 0.0314480835517;
1989, 0.0305637675734;
1990, 0.029886007152;
1991, 0.0290146008959;
1992, 0.0284142988084;
1993, 0.0276978092201;
1994, 0.0271878751888;
1995, 0.0270394133822;
1996, 0.0268328578252;
1997, 0.0266908508798;
1998, 0.0260260001807;
1999, 0.0259808161526;
2000, 0.0256838925395;
2001, 0.0252191425362;
2002, 0.024586566143;
2003, 0.0241605453067;
2004, 0.0239604446108;
2005, 0.0234892397465;
2006, 0.0234827848853;
2007, 0.0232245904391;
2008, 0.0227598404358;
2009, 0.0224177327946;
2010, 0.0222821807103;
2011, 0.022353184183;
2012, 0.0226888369631;
2013, 0.023140677244;
2014, 0.0233085036341;
