1988, 0.00853332644815;
1989, 0.00853332644815;
1990, 0.00889479867288;
1991, 0.00912717367449;
1992, 0.00951446534385;
1993, 0.00964356256697;
1994, 0.0101276771537;
1995, 0.0103665070164;
1996, 0.0101728611818;
1997, 0.0104116910445;
1998, 0.0107279792412;
1999, 0.0108377118808;
2000, 0.0107667084081;
2001, 0.0162404306683;
2002, 0.0168084584501;
2003, 0.0173506667872;
2004, 0.0181833438763;
2005, 0.0190224758265;
2006, 0.0195195001356;
2007, 0.0204296355585;
2008, 0.0210041182014;
2009, 0.0219077987632;
2010, 0.0242315487794;
2011, 0.0245542918372;
2012, 0.0253676043428;
2013, 0.026038909903;
2014, 0.0268070383806;
