1988, 0.0523489239746;
1989, 0.0566930455326;
1990, 0.06064342056;
1991, 0.0635351983579;
1992, 0.066601257407;
1993, 0.0691057435355;
1994, 0.0707323685468;
1995, 0.0720427053614;
1996, 0.0746569241296;
1997, 0.0724558164754;
1998, 0.0720878893895;
1999, 0.0717586914705;
2000, 0.0709131046591;
2001, 0.0687119970049;
2002, 0.0670660074102;
2003, 0.0659751358748;
2004, 0.0641290455842;
2005, 0.0624830559895;
2006, 0.0616051948723;
2007, 0.0607402434774;
2008, 0.059649371942;
2009, 0.0589006080479;
2010, 0.0589716115206;
2011, 0.0592620802727;
2012, 0.0587327816579;
2013, 0.0579388337357;
2014, 0.05712552123;
