1988, 0.045493861427;
1989, 0.0466815558797;
1990, 0.0474690489408;
1991, 0.0476885142201;
1992, 0.0480822607506;
1993, 0.0484566426976;
1994, 0.0482759065852;
1995, 0.0479402538051;
1996, 0.0478369760266;
1997, 0.0474045003292;
1998, 0.0470688475491;
1999, 0.0467396496301;
2000, 0.0472173093557;
2001, 0.0467977433805;
2002, 0.0466686461574;
2003, 0.0466040975459;
2004, 0.0469074760202;
2005, 0.0479531635275;
2006, 0.0485082815869;
2007, 0.0510773163269;
2008, 0.0528975871729;
2009, 0.0544725732949;
2010, 0.0553568892733;
2011, 0.0566414066433;
2012, 0.0586488684628;
2013, 0.0602948580576;
2014, 0.0615729205665;
