1988, 0.00104568750726;
1989, 0.00111669097998;
1990, 0.00106505209073;
1991, 0.0010844166742;
1992, 0.00104568750726;
1993, 0.00112960070229;
1994, 0.00109087153535;
1995, 0.00114896528576;
1996, 0.00115542014691;
1997, 0.00118769445269;
1998, 0.00112960070229;
1999, 0.00115542014691;
2000, 0.00112960070229;
2001, 0.00126515278656;
2002, 0.00129097223119;
2003, 0.00109732639651;
2004, 0.00115542014691;
2005, 0.00159435070552;
2006, 0.00163953473361;
2007, 0.00156207639974;
2008, 0.00154271181627;
2009, 0.0015814409832;
2010, 0.00172344792864;
2011, 0.00179445140135;
2012, 0.00194936806909;
2013, 0.0020655555699;
2014, 0.00231729515498;
