1988, 0.0181575244316;
1989, 0.0184802674894;
1990, 0.0186997327687;
1991, 0.0188481945753;
1992, 0.0191322084662;
1993, 0.0190741147158;
1994, 0.019661507081;
1995, 0.0198616077768;
1996, 0.0200939827784;
1997, 0.0202295348627;
1998, 0.0200165244446;
1999, 0.0198551529157;
2000, 0.0198228786099;
2001, 0.02015853139;
2002, 0.0205780973651;
2003, 0.0205587327817;
2004, 0.0202359897239;
2005, 0.0196873265256;
2006, 0.0191128438827;
2007, 0.018376989711;
2008, 0.0177766876234;
2009, 0.0172796633144;
2010, 0.0169052813674;
2011, 0.0161758820568;
2012, 0.015853138999;
2013, 0.0155820348304;
2014, 0.015233472328;
