1988, 0.0247350279495;
1989, 0.0251933230916;
1990, 0.0259291772634;
1991, 0.0265940279625;
1992, 0.0274525244962;
1993, 0.0284594828365;
1994, 0.0291436981191;
1995, 0.0300602884032;
1996, 0.0311253404939;
1997, 0.0315707259137;
1998, 0.0320032016111;
1999, 0.0323130349466;
2000, 0.0328036043945;
2001, 0.033074708563;
2002, 0.0336040071778;
2003, 0.033862201624;
2004, 0.0344302294058;
2005, 0.0348175210751;
2006, 0.0348046113528;
2007, 0.0348433405197;
2008, 0.0345270523231;
2009, 0.0339073856521;
2010, 0.0335652780109;
2011, 0.032868153006;
2012, 0.0320612953615;
2013, 0.0313512606344;
2014, 0.0299763752082;
