1988, 0.00952737506616;
1989, 0.00972102090084;
1990, 0.00999212506939;
1991, 0.0102567743768;
1992, 0.01055369799;
1993, 0.0107537986858;
1994, 0.0108312570197;
1995, 0.010928079937;
1996, 0.0110636320213;
1997, 0.0106247014627;
1998, 0.0103729618776;
1999, 0.0101664063206;
2000, 0.0103019584049;
2001, 0.0104181459057;
2002, 0.0105278785453;
2003, 0.0105730625734;
2004, 0.0107021597965;
2005, 0.0110378125767;
2006, 0.0111927292444;
2007, 0.0112314584113;
2008, 0.0112056389667;
2009, 0.0114702882741;
2010, 0.0115283820245;
2011, 0.0117413924426;
2012, 0.0117994861931;
2013, 0.0117607570261;
2014, 0.0114315591072;
