1988, 0.00821703825151;
1989, 0.0123029653632;
1990, 0.0127160764772;
1991, 0.0128839028672;
1992, 0.0128903577284;
1993, 0.0129807257846;
1994, 0.0133938368986;
1995, 0.0137811285679;
1996, 0.0140005938472;
1997, 0.0144330695447;
1998, 0.0147299931578;
1999, 0.0150075521876;
2000, 0.0152722014949;
2001, 0.015814409832;
2002, 0.015562670247;
2003, 0.0153238403842;
2004, 0.0150850105214;
2005, 0.0145879862124;
2006, 0.0137940382902;
2007, 0.0134002917597;
2008, 0.01295490634;
2009, 0.0123094202244;
2010, 0.0115735660526;
2011, 0.0107925278527;
2012, 0.00994048618014;
2013, 0.00936600353726;
2014, 0.00903035075716;
