1988, 0.00557054517757;
1989, 0.00583519448497;
1990, 0.00602238545849;
1991, 0.00633221879397;
1992, 0.00653877435096;
1993, 0.00672596532449;
1994, 0.00693252088148;
1995, 0.00735208685661;
1996, 0.00754573269129;
1997, 0.00810730561186;
1998, 0.00865596881011;
1999, 0.00899162159022;
2000, 0.00924981603646;
2001, 0.00946928131576;
2002, 0.00992112159667;
2003, 0.0102374097933;
2004, 0.0102567743768;
2005, 0.0101857709041;
2006, 0.010347142433;
2007, 0.0103600521553;
2008, 0.0101147674314;
2009, 0.0100695834033;
2010, 0.0100631285421;
2011, 0.0103342327107;
2012, 0.0103277778495;
2013, 0.01055369799;
2014, 0.0104891493784;
