1988, 0.0496959760396;
1989, 0.0481080801952;
1990, 0.0463523579608;
1991, 0.0444546287809;
1992, 0.0429893752985;
1993, 0.0419953266805;
1994, 0.0415241218161;
1995, 0.0404074308362;
1996, 0.0401363266676;
1997, 0.0398458579156;
1998, 0.0399943197222;
1999, 0.0397683995817;
2000, 0.0398587676379;
2001, 0.0403493370858;
2002, 0.0409173648675;
2003, 0.0416596739004;
2004, 0.0417887711235;
2005, 0.0422341565433;
2006, 0.0420469655698;
2007, 0.0424665315449;
2008, 0.0431442919663;
2009, 0.0435574030803;
2010, 0.043299208634;
2011, 0.0431765662721;
2012, 0.0429829204374;
2013, 0.0424923509895;
2014, 0.0421244239036;
