1988, 0.00997276048592;
1989, 0.0101793160429;
1990, 0.0102890486826;
1991, 0.0106182466015;
1992, 0.0110378125767;
1993, 0.011218548689;
1994, 0.0116252049418;
1995, 0.0117349375815;
1996, 0.0116187500807;
1997, 0.0117478473038;
1998, 0.011960857722;
1999, 0.0118769445269;
2000, 0.0123094202244;
2001, 0.0123675139748;
2002, 0.0124837014756;
2003, 0.0122771459186;
2004, 0.0120964098062;
2005, 0.0121480486955;
2006, 0.012457882031;
2007, 0.0125805243929;
2008, 0.0126450730045;
2009, 0.0129807257846;
2010, 0.0130904584242;
2011, 0.0129290868953;
2012, 0.012916177173;
2013, 0.0127935348111;
2014, 0.0127031667549;
