1988, 0.00970811117853;
1989, 0.0101083125702;
1990, 0.0103794167387;
1991, 0.0109732639651;
1992, 0.0110249028543;
1993, 0.0109409896593;
1994, 0.0107279792412;
1995, 0.0101664063206;
1996, 0.0100243993752;
1997, 0.00987593756858;
1998, 0.00943055214882;
1999, 0.00864951394895;
2000, 0.00828804172422;
2001, 0.00779101741522;
2002, 0.00742954519048;
2003, 0.00712616671615;
2004, 0.00703579865997;
2005, 0.00689379171454;
2006, 0.00693897574263;
2007, 0.00692606602032;
2008, 0.00699061463188;
2009, 0.00686797226992;
2010, 0.00680342365836;
2011, 0.00680342365836;
2012, 0.00703579865997;
2013, 0.00742954519048;
2014, 0.00757800699707;
