1988, 0.00600302087502;
1989, 0.007823291721;
1990, 0.00779747227637;
1991, 0.00777165283175;
1992, 0.00764255560863;
1993, 0.00775228824828;
1994, 0.00788784033255;
1995, 0.00825576741844;
1996, 0.00855269103162;
1997, 0.00871406256051;
1998, 0.00906907992409;
1999, 0.00895934728444;
2000, 0.00889479867288;
2001, 0.00898516672906;
2002, 0.0088625243671;
2003, 0.00877861117207;
2004, 0.0088044306167;
2005, 0.00883670492248;
2006, 0.00875924658861;
2007, 0.00855914589277;
2008, 0.00821058339035;
2009, 0.00812021533417;
2010, 0.00781038199868;
2011, 0.00773937852597;
2012, 0.00758446185823;
2013, 0.00744245491279;
2014, 0.00726171880043;
