1988, 0.0857205561508;
1989, 0.0843263061412;
1990, 0.0829707852984;
1991, 0.0817701811234;
1992, 0.0805502123649;
1993, 0.0800273686113;
1994, 0.0804598443087;
1995, 0.080511483198;
1996, 0.081628174178;
1997, 0.0844102193362;
1998, 0.0867275144912;
1999, 0.0891480874246;
2000, 0.0914266534127;
2001, 0.0936535805115;
2002, 0.0963581673358;
2003, 0.097939608319;
2004, 0.100411820142;
2005, 0.103490788913;
2006, 0.10576290004;
2007, 0.107557351441;
2008, 0.1103393966;
2009, 0.112579233421;
2010, 0.115296729967;
2011, 0.117743122345;
2012, 0.120415434864;
2013, 0.122216341127;
2014, 0.124307716141;
