1988, 0.00500897225701;
1989, 0.00522843753631;
1990, 0.00528653128671;
1991, 0.0054349930933;
1992, 0.00544144795445;
1993, 0.00557054517757;
1994, 0.00578355559572;
1995, 0.00604175004196;
1996, 0.00613211809814;
1997, 0.00611275351467;
1998, 0.00635158337744;
1999, 0.00680342365836;
2000, 0.0067388750468;
2001, 0.00691315629801;
2002, 0.00716489588309;
2003, 0.00731335768968;
2004, 0.00738436116239;
2005, 0.00742954519048;
2006, 0.00773292366481;
2007, 0.00834613547463;
2008, 0.0089658021456;
2009, 0.00955319451079;
2010, 0.00998567020823;
2011, 0.0104891493784;
2012, 0.0109538993816;
2013, 0.0113282813287;
2014, 0.011509017441;
