1988, 0.000161371528898;
1989, 0.000187190973522;
1990, 0.000200100695834;
1991, 0.000213010418146;
1992, 0.000258194446237;
1993, 0.000251739585082;
1994, 0.000296923613173;
1995, 0.000316288196641;
1996, 0.000290468752017;
1997, 0.000309833335485;
1998, 0.000258194446237;
1999, 0.000284013890861;
2000, 0.000329197918953;
2001, 0.000309833335485;
2002, 0.000316288196641;
2003, 0.000296923613173;
2004, 0.000355017363577;
2005, 0.000329197918953;
2006, 0.0003808368082;
2007, 0.000426020836292;
2008, 0.000419565975136;
2009, 0.000432475697448;
2010, 0.000516388892475;
2011, 0.000509934031319;
2012, 0.00041311111398;
2013, 0.000419565975136;
2014, 0.000497024309007;
