1988, 0.0227533855747;
1989, 0.0235408786357;
1990, 0.0243283716967;
1991, 0.0251997779528;
1992, 0.0258969029576;
1993, 0.0264326564336;
1994, 0.0266392119906;
1995, 0.0267166703244;
1996, 0.0304798543783;
1997, 0.0301119272924;
1998, 0.030053833542;
1999, 0.0298989168743;
2000, 0.0294922606215;
2001, 0.0290468752017;
2002, 0.0289887814513;
2003, 0.0289435974232;
2004, 0.0290791495075;
2005, 0.0294793508992;
2006, 0.0300344689586;
2007, 0.0297117259008;
2008, 0.0295309897884;
2009, 0.0293631633984;
2010, 0.029182427286;
2011, 0.0288403196447;
2012, 0.0288855036728;
2013, 0.0287822258943;
2014, 0.0282141981126;
