1988, 0.00191063890216;
1989, 0.00200100695834;
1990, 0.00222047223764;
1991, 0.00233020487729;
1992, 0.00248512154504;
1993, 0.00262067362931;
1994, 0.00264003821278;
1995, 0.00273686113012;
1996, 0.0027691354359;
1997, 0.00397619447206;
1998, 0.00398910419437;
1999, 0.00411820141749;
2000, 0.00404719794477;
2001, 0.00420856947367;
2002, 0.00427957294639;
2003, 0.00447321878106;
2004, 0.00477659725539;
2005, 0.00502188197932;
2006, 0.00513806948013;
2007, 0.00540271878752;
2008, 0.00570609726185;
2009, 0.00606111462542;
2010, 0.0065775035179;
2011, 0.00677114935258;
2012, 0.00718426046656;
2013, 0.00760382644169;
2014, 0.00781683685984;
