1988, 0.00571900698416;
1989, 0.00557054517757;
1990, 0.00557700003873;
1991, 0.00575128128994;
1992, 0.00579001045688;
1993, 0.00584810420728;
1994, 0.00595138198577;
1995, 0.00602884031964;
1996, 0.00608047920889;
1997, 0.00600947573618;
1998, 0.00580937504034;
1999, 0.00614502782045;
2000, 0.00654522921212;
2001, 0.00657104865674;
2002, 0.00667432643524;
2003, 0.00695188546494;
2004, 0.00715198616078;
2005, 0.00702934379881;
2006, 0.00700997921535;
2007, 0.0223725487665;
2008, 0.0224177327946;
2009, 0.0223725487665;
2010, 0.0223015452938;
2011, 0.0335846425943;
2012, 0.0331457120357;
2013, 0.0322226668904;
2014, 0.031170524522;
