1988, 0.0136778507894;
1989, 0.0139554098191;
1990, 0.0140715973199;
1991, 0.0145686216289;
1992, 0.0149559132983;
1993, 0.0151366494107;
1994, 0.015317385523;
1995, 0.0154981216354;
1996, 0.0157627709428;
1997, 0.0157885903874;
1998, 0.0159628716386;
1999, 0.0163888924749;
2000, 0.0163437084468;
2001, 0.0166019028931;
2002, 0.0168600973393;
2003, 0.0170021042847;
2004, 0.0169375556732;
2005, 0.0175572223441;
2006, 0.0178735105408;
2007, 0.0179509688747;
2008, 0.0182930765159;
2009, 0.0183318056829;
2010, 0.0183963542944;
2011, 0.0186997327687;
2012, 0.0187642813803;
2013, 0.0191386633274;
2014, 0.0200229793057;
