1988, 0.0111669097998;
1989, 0.0114702882741;
1990, 0.0118833993881;
1991, 0.0117865764707;
1992, 0.0117284827203;
1993, 0.0117865764707;
1994, 0.0117930313319;
1995, 0.0115219271633;
1996, 0.0113541007733;
1997, 0.0214882327881;
1998, 0.0208362918114;
1999, 0.0203392675024;
2000, 0.0203521772247;
2001, 0.020655555699;
2002, 0.0208040175056;
2003, 0.0210105730626;
2004, 0.0215398716774;
2005, 0.0218367952905;
2006, 0.0218626147352;
2007, 0.0228631182143;
2008, 0.0233085036341;
2009, 0.0233278682176;
2010, 0.0238378022489;
2011, 0.0240185383612;
2012, 0.0238958959993;
2013, 0.0235602432192;
2014, 0.0232116807167;
