1988, 0.00167826390054;
1989, 0.00165244445592;
1990, 0.00167180903939;
1991, 0.00158789584436;
1992, 0.0015814409832;
1993, 0.00151043751049;
1994, 0.00145879862124;
1995, 0.00131679167581;
1996, 0.00120705903616;
1997, 0.00123933334194;
1998, 0.00123287848078;
1999, 0.00127160764772;
2000, 0.00149752778818;
2001, 0.00151689237165;
2002, 0.00154271181627;
2003, 0.00166535417823;
2004, 0.00154271181627;
2005, 0.00157498612205;
2006, 0.00143943403777;
2007, 0.00138779514853;
2008, 0.00135552084275;
2009, 0.00136843056506;
2010, 0.00138134028737;
2011, 0.00151689237165;
2012, 0.00155562153858;
2013, 0.00151689237165;
2014, 0.00162017015014;
