1988, 0.0152980209396;
1989, 0.0154206633015;
1990, 0.0155820348304;
1991, 0.0157240417759;
1992, 0.0158337744155;
1993, 0.0161177883064;
1994, 0.0163178890022;
1995, 0.0170601980351;
1996, 0.0171828403971;
1997, 0.0180994306812;
1998, 0.018957927215;
1999, 0.0197970591653;
2000, 0.0204296355585;
2001, 0.0207846529221;
2002, 0.0209912084791;
2003, 0.0212106737584;
2004, 0.0212300383419;
2005, 0.0213074966757;
2006, 0.021526961955;
2007, 0.0212042188973;
2008, 0.020862111256;
2009, 0.0207975626444;
2010, 0.0210234827849;
2011, 0.0213268612592;
2012, 0.0218948890409;
2013, 0.0219013439021;
2014, 0.0220691702921;
