1988, 0.0506771149353;
1989, 0.0518518996656;
1990, 0.0537625385678;
1991, 0.0549566878816;
1992, 0.0564025767806;
1993, 0.0574676288713;
1994, 0.0585391358232;
1995, 0.0584229483224;
1996, 0.0591975316611;
1997, 0.0575709066498;
1998, 0.0558603684435;
1999, 0.0553697989956;
2000, 0.0554149830237;
2001, 0.0550793302436;
2002, 0.0550728753825;
2003, 0.0547307677412;
2004, 0.0554859864964;
2005, 0.0563703024748;
2006, 0.0567059552549;
2007, 0.0569964240069;
2008, 0.0571965247028;
2009, 0.057538632344;
2010, 0.0578097365126;
2011, 0.0589716115206;
2012, 0.0586617781852;
2013, 0.0582680316546;
2014, 0.0572094344251;
