1988, 0.000103277778495;
1989, 9.6822917339e-05;
1990, 0.000109732639651;
1991, 0.000122642361963;
1992, 0.000135552084275;
1993, 0.000148461806587;
1994, 0.000154916667742;
1995, 0.000180736112366;
1996, 0.000200100695834;
1997, 0.000200100695834;
1998, 0.000180736112366;
1999, 0.000161371528898;
2000, 0.000154916667742;
2001, 0.000154916667742;
2002, 0.000180736112366;
2003, 0.000200100695834;
2004, 0.000213010418146;
2005, 0.000200100695834;
2006, 0.000264649307393;
2007, 0.000309833335485;
2008, 0.000284013890861;
2009, 0.000251739585082;
2010, 0.000258194446237;
2011, 0.000264649307393;
2012, 0.000438930558604;
2013, 0.000477659725539;
2014, 0.000432475697448;
