1988, 0.00528653128671;
1989, 0.0053317153148;
1990, 0.00558990976104;
1991, 0.00575128128994;
1992, 0.00577710073456;
1993, 0.00582228476265;
1994, 0.00580937504034;
1995, 0.00591910767999;
1996, 0.00600302087502;
1997, 0.00623539587663;
1998, 0.00629348962704;
1999, 0.00646131601709;
2000, 0.00692606602032;
2001, 0.00730044796736;
2002, 0.00757155213591;
2003, 0.0079394792218;
2004, 0.00846232297543;
2005, 0.00887543408941;
2006, 0.00916590284143;
2007, 0.0100695834033;
2008, 0.0109603542428;
2009, 0.0115412917468;
2010, 0.0118446702211;
2011, 0.0121803230013;
2012, 0.0122448716128;
2013, 0.0122900556409;
2014, 0.0123287848078;
