1988, 0.0161113334452;
1989, 0.0164598959476;
1990, 0.0168020035889;
1991, 0.0170021042847;
1992, 0.0170924723409;
1993, 0.0173313022037;
1994, 0.0178283265127;
1995, 0.0184996320729;
1996, 0.0188675591588;
1997, 0.0195130452744;
1998, 0.0202295348627;
1999, 0.0205070938924;
2000, 0.0204360904197;
2001, 0.0204167258362;
2002, 0.0205910070874;
2003, 0.0207201043106;
2004, 0.0206878300048;
2005, 0.0206361911155;
2006, 0.0201778959735;
2007, 0.0198809723603;
2008, 0.0197196008314;
2009, 0.0196937813868;
2010, 0.0200552536115;
2011, 0.02032635778;
2012, 0.0205522779205;
2013, 0.0207007397271;
2014, 0.0210041182014;
