1988, 0.00659041324021;
1989, 0.00700352435419;
1990, 0.00737145144008;
1991, 0.00756509727476;
1992, 0.00777165283175;
1993, 0.00792011463833;
1994, 0.00819121880688;
1995, 0.00839777436387;
1996, 0.0087011528382;
1997, 0.0125353403648;
1998, 0.0128516285615;
1999, 0.0130710938408;
2000, 0.0134390209267;
2001, 0.013658486206;
2002, 0.0136649410671;
2003, 0.0137617639845;
2004, 0.0140264132919;
2005, 0.0142523334323;
2006, 0.014155510515;
2007, 0.0139037709299;
2008, 0.0140135035695;
2009, 0.0142136042654;
2010, 0.0143362466273;
2011, 0.0144072501001;
2012, 0.0149171841314;
2013, 0.0150591910768;
2014, 0.0155497605247;
