1988, 0.297749835401;
1989, 0.291081963827;
1990, 0.285156401286;
1991, 0.286344095739;
1992, 0.287686706859;
1993, 0.285743793651;
1994, 0.282929474187;
1995, 0.280495991531;
1996, 0.277145918591;
1997, 0.273595744956;
1998, 0.270904067854;
1999, 0.270613599101;
2000, 0.269464633816;
2001, 0.264152283084;
2002, 0.25803952957;
2003, 0.252824001756;
2004, 0.2471501788;
2005, 0.242509133629;
2006, 0.2392236093;
2007, 0.236409289836;
2008, 0.233188314119;
2009, 0.232110352306;
2010, 0.231361588412;
2011, 0.238810498186;
2012, 0.238468390545;
2013, 0.239326887079;
2014, 0.240992241257;
