1988, 0.00904326047947;
1989, 0.00939182298189;
1990, 0.00975329520662;
1991, 0.00988884729089;
1992, 0.0100502188198;
1993, 0.010101857709;
1994, 0.0104375104891;
1995, 0.0109926285486;
1996, 0.0114767431353;
1997, 0.0122319618905;
1998, 0.012832263978;
1999, 0.0130710938408;
2000, 0.0130775487019;
2001, 0.0132001910639;
2002, 0.0132582848143;
2003, 0.0135422987052;
2004, 0.0136455764836;
2005, 0.0134067466209;
2006, 0.0135035695382;
2007, 0.0131872813416;
2008, 0.01295490634;
2009, 0.0128064445334;
2010, 0.012916177173;
2011, 0.0130452743961;
2012, 0.0131550070358;
2013, 0.0134712952324;
2014, 0.0134971146771;
