1988, 0.0218626147352;
1989, 0.0221272640426;
1990, 0.0222111772376;
1991, 0.0222563612657;
1992, 0.0225855591846;
1993, 0.022682382102;
1994, 0.0225532848788;
1995, 0.022766295297;
1996, 0.0227275661301;
1997, 0.0230438543267;
1998, 0.0232052258556;
1999, 0.0231664966887;
2000, 0.0230825834936;
2001, 0.0238765314158;
2002, 0.024134725862;
2003, 0.0239281703051;
2004, 0.0235731529415;
2005, 0.0232375001614;
2006, 0.0227404758524;
2007, 0.0217270626509;
2008, 0.0206361911155;
2009, 0.019622777914;
2010, 0.0185706355456;
2011, 0.0179316042912;
2012, 0.0171505660913;
2013, 0.0164405313642;
2014, 0.0163178890022;
