1988, 0.0484372781141;
1989, 0.0468622919921;
1990, 0.0456939621229;
1991, 0.0451001148965;
1992, 0.044499812809;
1993, 0.0434347607183;
1994, 0.0430861982159;
1995, 0.0426537225184;
1996, 0.0421760627929;
1997, 0.0419824169582;
1998, 0.0474045003292;
1999, 0.0474432294961;
2000, 0.0468622919921;
2001, 0.0458811530964;
2002, 0.0450807503131;
2003, 0.0445837260041;
2004, 0.0441189760008;
2005, 0.0432669343282;
2006, 0.04271827113;
2007, 0.0421502433483;
2008, 0.0420082364028;
2009, 0.0422083370987;
2010, 0.042389073211;
2011, 0.0426020836292;
2012, 0.0430410141878;
2013, 0.0430603787713;
2014, 0.0430151947432;
