1988, 0.04383496211;
1989, 0.0430539239101;
1990, 0.0427505454358;
1991, 0.0432927537729;
1992, 0.0429377364093;
1993, 0.0430539239101;
1994, 0.0439124204438;
1995, 0.0451388440635;
1996, 0.0458488787906;
1997, 0.0480499864448;
1998, 0.0503737364609;
1999, 0.0525425698093;
2000, 0.0538270871794;
2001, 0.0581260247092;
2002, 0.059733285137;
2003, 0.0613147261202;
2004, 0.0621861323763;
2005, 0.0618375698739;
2006, 0.0623926879333;
2007, 0.0615019170938;
2008, 0.060972618479;
2009, 0.0606369656989;
2010, 0.0608757955616;
2011, 0.0612501775087;
2012, 0.0619085733466;
2013, 0.0628703476588;
2014, 0.0639418546107;
