1988, 0.00242702779463;
1989, 0.00240120835001;
1990, 0.00236247918307;
1991, 0.0025044861285;
1992, 0.00249157640619;
1993, 0.00260130904584;
1994, 0.00282077432514;
1995, 0.00280786460283;
1996, 0.00282077432514;
1997, 0.00287241321439;
1998, 0.00284659376977;
1999, 0.00294987154826;
2000, 0.00307251391023;
2001, 0.00322097571681;
2002, 0.00336298266224;
2003, 0.00360181252501;
2004, 0.00353726391345;
2005, 0.00372445488698;
2006, 0.00382127780431;
2007, 0.00391810072165;
2008, 0.0040278333613;
2009, 0.00422793405714;
2010, 0.00433121183563;
2011, 0.00434412155795;
2012, 0.0044538541976;
2013, 0.00469913892152;
2014, 0.00499606253469;
