1988, 0.0619085733466;
1989, 0.0614373684822;
1990, 0.0605530525038;
1991, 0.0603852261138;
1992, 0.0590813441603;
1993, 0.0576806392894;
1994, 0.0554214378849;
1995, 0.05472431288;
1996, 0.0577710073456;
1997, 0.0601593059733;
1998, 0.0614050941764;
1999, 0.0624701462672;
2000, 0.061140444869;
2001, 0.0577580976233;
2002, 0.0555698996915;
2003, 0.0535495281496;
2004, 0.0522327364738;
2005, 0.0507803927138;
2006, 0.0506771149353;
2007, 0.0495926982611;
2008, 0.0497863440957;
2009, 0.0497088857619;
2010, 0.048598649643;
2011, 0.0471269412995;
2012, 0.0469913892152;
2013, 0.0466815558797;
2014, 0.0468106531029;
