1988, 0.00176217709557;
1989, 0.00177508681788;
1990, 0.00183318056829;
1991, 0.00188481945753;
1992, 0.00193000348563;
1993, 0.00198809723603;
1994, 0.00194936806909;
1995, 0.0019622777914;
1996, 0.00197518751372;
1997, 0.00203328126412;
1998, 0.00205910070874;
1999, 0.0021236493203;
2000, 0.00216883334839;
2001, 0.00210428473684;
2002, 0.00218174307071;
2003, 0.0022850208492;
2004, 0.00251094098966;
2005, 0.00251739585082;
2006, 0.00261421876815;
2007, 0.00289823265902;
2008, 0.00311124307716;
2009, 0.00327261460606;
2010, 0.00347271530189;
2011, 0.00385355211009;
2012, 0.00398264933321;
2013, 0.00431830211332;
2014, 0.00460877086534;
