1988, 0.0766450213656;
1989, 0.0740178928751;
1990, 0.0724945456423;
1991, 0.0718748789714;
1992, 0.0721266185564;
1993, 0.0711002956326;
1994, 0.0716812331367;
1995, 0.0725849136985;
1996, 0.0732110352306;
1997, 0.0732239449529;
1998, 0.0728689275894;
1999, 0.0724106324473;
2000, 0.0728301984224;
2001, 0.0731529414802;
2002, 0.0735079588438;
2003, 0.0732949484257;
2004, 0.072358993558;
2005, 0.0703644414609;
2006, 0.0679180490828;
2007, 0.0644130594751;
2008, 0.0620118511251;
2009, 0.060185125418;
2010, 0.057867830263;
2011, 0.0574611740101;
2012, 0.0563703024748;
2013, 0.0552277920502;
2014, 0.0553891635791;
