1988, 0.00411820141749;
1989, 0.00447321878106;
1990, 0.00446676391991;
1991, 0.00451840280916;
1992, 0.00465395489343;
1993, 0.00498315281238;
1994, 0.0048927847562;
1995, 0.00501542711816;
1996, 0.00496378822892;
1997, 0.00497669795123;
1998, 0.00516388892475;
1999, 0.00536398962058;
2000, 0.00529298614787;
2001, 0.00555118059411;
2002, 0.00588037851306;
2003, 0.00596429170809;
2004, 0.00611920837583;
2005, 0.00617084726508;
2006, 0.00617084726508;
2007, 0.00642904171131;
2008, 0.00644195143362;
2009, 0.00646131601709;
2010, 0.00682278824182;
2011, 0.00699061463188;
2012, 0.00746827435742;
2013, 0.00733272227314;
2014, 0.00753282296898;
