1988, 0.00748118407973;
1989, 0.00715198616078;
1990, 0.00691315629801;
1991, 0.00708098268806;
1992, 0.00715844102193;
1993, 0.00716489588309;
1994, 0.0073972708847;
1995, 0.00736499657892;
1996, 0.00740372574586;
1997, 0.00747472921857;
1998, 0.00747472921857;
1999, 0.00749409380204;
2000, 0.0072810833839;
2001, 0.00720362505003;
2002, 0.00684860768645;
2003, 0.00634512851629;
2004, 0.0062547604601;
2005, 0.00589974309653;
2006, 0.00548017712139;
2007, 0.00510579517435;
2008, 0.00469268406037;
2009, 0.00434412155795;
2010, 0.00413756600096;
2011, 0.00362117710848;
2012, 0.00333716321762;
2013, 0.00304023960445;
2014, 0.00274977085243;
