1988, 0.0234892397465;
1989, 0.0234376008572;
1990, 0.0237538890538;
1991, 0.0235408786357;
1992, 0.0240120835001;
1993, 0.0241928196125;
1994, 0.0249028543396;
1995, 0.025787170318;
1996, 0.0258388092072;
1997, 0.0262583751823;
1998, 0.0297246356231;
1999, 0.0306412259072;
2000, 0.030796142575;
2001, 0.0318547398045;
2002, 0.0323388543912;
2003, 0.0322420314739;
2004, 0.0315965453583;
2005, 0.0304023960445;
2006, 0.0295955384;
2007, 0.0296342675669;
2008, 0.0296536321504;
2009, 0.0293696182595;
2010, 0.0293567085372;
2011, 0.0284272085307;
2012, 0.0274073404681;
2013, 0.0271749654665;
2014, 0.0267747640748;
