1988, 0.0171892952583;
1989, 0.0181252501259;
1990, 0.0186803681853;
1991, 0.0190031112431;
1992, 0.0195195001356;
1993, 0.019745420276;
1994, 0.0198874272214;
1995, 0.0194355869405;
1996, 0.0196744168033;
1997, 0.0188869237423;
1998, 0.018544816101;
1999, 0.0187061876299;
2000, 0.0184802674894;
2001, 0.0186158195737;
2002, 0.0186997327687;
2003, 0.0190482952712;
2004, 0.0192161216612;
2005, 0.0199132466661;
2006, 0.0200294341669;
2007, 0.0202940834743;
2008, 0.0205651876428;
2009, 0.0205200036147;
2010, 0.0211848543138;
2011, 0.0216302397335;
2012, 0.0219013439021;
2013, 0.0218109758459;
2014, 0.0217399723732;
