1988, 0.000710034727153;
1989, 0.000735854171777;
1990, 0.000690670143685;
1991, 0.000697125004841;
1992, 0.000813312505648;
1993, 0.000755218755245;
1994, 0.00082622222796;
1995, 0.000942409728767;
1996, 0.00103923264611;
1997, 0.00105214236842;
1998, 0.00109732639651;
1999, 0.00110378125767;
2000, 0.00115542014691;
2001, 0.00109087153535;
2002, 0.00101986806264;
2003, 0.00111023611882;
2004, 0.00111669097998;
2005, 0.00134906598159;
2006, 0.00142006945431;
2007, 0.00151043751049;
2008, 0.00153625695511;
2009, 0.00160080556667;
2010, 0.00165889931708;
2011, 0.00176863195673;
2012, 0.00201391668065;
2013, 0.00208492015337;
2014, 0.00226565626573;
