1988, 0.000374381947044;
1989, 0.000406656252824;
1990, 0.000458295142071;
1991, 0.000432475697448;
1992, 0.000477659725539;
1993, 0.000529298614787;
1994, 0.000542208337099;
1995, 0.000606756948658;
1996, 0.000555118059411;
1997, 0.000626121532126;
1998, 0.000626121532126;
1999, 0.000684215282529;
2000, 0.000710034727153;
2001, 0.000703579865997;
2002, 0.000742309032933;
2003, 0.000774583338712;
2004, 0.000800402783336;
2005, 0.000871406256051;
2006, 0.00079394792218;
2007, 0.000600302087502;
2008, 0.00065194097675;
2009, 0.000819767366804;
2010, 0.000832677089116;
2011, 0.000935954867611;
2012, 0.00096822917339;
2013, 0.00105214236842;
2014, 0.00116187500807;
