1988, 0.000142006945431;
1989, 0.000148461806587;
1990, 0.000161371528898;
1991, 0.000180736112366;
1992, 0.00020655555699;
1993, 0.000213010418146;
1994, 0.00020655555699;
1995, 0.000200100695834;
1996, 0.000213010418146;
1997, 0.000213010418146;
1998, 0.000219465279302;
1999, 0.00023882986277;
2000, 0.000245284723926;
2001, 0.00023882986277;
2002, 0.000225920140458;
2003, 0.000219465279302;
2004, 0.000219465279302;
2005, 0.00020655555699;
2006, 0.000225920140458;
2007, 0.000225920140458;
2008, 0.000225920140458;
2009, 0.000213010418146;
2010, 0.000213010418146;
2011, 0.00020655555699;
2012, 0.000225920140458;
2013, 0.000232375001614;
2014, 0.000245284723926;
