1990, 0.0112830973006;
1991, 0.0109668091039;
1992, 0.0104956042396;
1993, 0.0100889479867;
1994, 0.00995985076361;
1995, 0.00990175701321;
1996, 0.00974038548431;
1997, 0.00958546881657;
1998, 0.00941764242651;
1999, 0.00948219103807;
2000, 0.00954673964963;
2001, 0.00970811117853;
2002, 0.0100566736809;
2003, 0.0101212222925;
2004, 0.0101599514594;
2005, 0.010101857709;
2006, 0.00993403131899;
2007, 0.00997276048592;
2008, 0.0102115903487;
2009, 0.0103148681272;
2010, 0.0104504202115;
2011, 0.010514968823;
2012, 0.0101986806264;
2013, 0.0101986806264;
2014, 0.0100760382644;
