1988, 0.00517679864706;
1989, 0.00539626392636;
1990, 0.00564154865029;
1991, 0.00575128128994;
1992, 0.00580292017919;
1993, 0.0058158299015;
1994, 0.00609984379236;
1995, 0.00618375698739;
1996, 0.00613211809814;
1997, 0.00646777087825;
1998, 0.00686797226992;
1999, 0.00692606602032;
2000, 0.00710680213269;
2001, 0.00730044796736;
2002, 0.00747472921857;
2003, 0.00748763894089;
2004, 0.00740372574586;
2005, 0.0072810833839;
2006, 0.00745536463511;
2007, 0.00739081602355;
2008, 0.00719717018887;
2009, 0.00718426046656;
2010, 0.00693897574263;
2011, 0.00700352435419;
2012, 0.00693897574263;
2013, 0.00715198616078;
2014, 0.00730044796736;
