1988, 0.101922257652;
1989, 0.0991466673552;
1990, 0.0975781360943;
1991, 0.0954996708021;
1992, 0.093672945095;
1993, 0.0908973547979;
1994, 0.0897806638179;
1995, 0.0884251429752;
1996, 0.0876763790811;
1997, 0.0882831360297;
1998, 0.0892771846478;
1999, 0.0901937749319;
2000, 0.0912136429945;
2001, 0.0923755180026;
2002, 0.093963413847;
2003, 0.0948929138534;
2004, 0.0967906430333;
2005, 0.0958869624714;
2006, 0.096448535392;
2007, 0.0959256916384;
2008, 0.0960935180284;
2009, 0.0984882715173;
2010, 0.0988755631866;
2011, 0.0994952298576;
2012, 0.100101986806;
2013, 0.101534965983;
2014, 0.102942125715;
