1988, 0.013245375092;
1989, 0.0137165799564;
1990, 0.0136778507894;
1991, 0.0135552084275;
1992, 0.0132389202308;
1993, 0.0131033681466;
1994, 0.0133421980093;
1995, 0.0136972153729;
1996, 0.0139812292638;
1997, 0.0143427014885;
1998, 0.0148461806587;
1999, 0.0151301945495;
2000, 0.01535611469;
2001, 0.0156530383031;
2002, 0.015769225804;
2003, 0.0158466841378;
2004, 0.0157756806651;
2005, 0.0153109306619;
2006, 0.0148913646867;
2007, 0.0148139063529;
2008, 0.0148720001033;
2009, 0.0150010973264;
2010, 0.0151560139941;
2011, 0.0152592917726;
2012, 0.0153754792734;
2013, 0.0160532396948;
2014, 0.016266250113;
