1988, 0.00113605556344;
1989, 0.00129097223119;
1990, 0.00135552084275;
1991, 0.00142652431546;
1992, 0.00141361459315;
1993, 0.0015814409832;
1994, 0.00149107292702;
1995, 0.00149752778818;
1996, 0.00159435070552;
1997, 0.00167826390054;
1998, 0.00185254515175;
1999, 0.00194936806909;
2000, 0.00201391668065;
2001, 0.00217528820955;
2002, 0.00223983682111;
2003, 0.00229793057151;
2004, 0.00242702779463;
2005, 0.00251739585082;
2006, 0.00275622571358;
2007, 0.00290468752017;
2008, 0.00296923613173;
2009, 0.00307896877138;
2010, 0.00317579168872;
2011, 0.00333070835646;
2012, 0.00367927085888;
2013, 0.00405365280593;
2014, 0.00431830211332;
