1988, 0.0125353403648;
1989, 0.0122448716128;
1990, 0.0121609584178;
1991, 0.0123158750855;
1992, 0.0123029653632;
1993, 0.012335239669;
1994, 0.012251326474;
1995, 0.0121093195285;
1996, 0.0119092188327;
1997, 0.0117478473038;
1998, 0.0114186493849;
1999, 0.0113928299402;
2000, 0.0110378125767;
2001, 0.0110313577155;
2002, 0.0108764410478;
2003, 0.0107602535469;
2004, 0.010224500071;
2005, 0.0100114896529;
2006, 0.0101276771537;
2007, 0.00993403131899;
2008, 0.00952737506616;
2009, 0.00939827784304;
2010, 0.00914008339681;
2011, 0.00878506603323;
2012, 0.00893998270097;
2013, 0.00883025006132;
2014, 0.00904971534062;
