1991, 0.000129097223119;
1992, 0.000148461806587;
1993, 0.000142006945431;
1994, 0.000154916667742;
1995, 0.000180736112366;
1996, 0.000232375001614;
1997, 0.000232375001614;
1998, 0.000245284723926;
1999, 0.00023882986277;
2000, 0.000277559029705;
2001, 0.000284013890861;
2002, 0.000316288196641;
2003, 0.000348562502421;
2004, 0.000296923613173;
2005, 0.000284013890861;
2006, 0.000374381947044;
2007, 0.000374381947044;
2008, 0.000419565975136;
2009, 0.000426020836292;
2010, 0.000490569447851;
2011, 0.000522843753631;
2012, 0.000497024309007;
2013, 0.000464750003227;
2014, 0.000503479170163;
