1988, 0.000593847226346;
1989, 0.000639031254438;
1990, 0.000613211809814;
1991, 0.00061966667097;
1992, 0.000574482642878;
1993, 0.000542208337099;
1994, 0.000522843753631;
1995, 0.000568027781722;
1996, 0.00148461806587;
1997, 0.00165889931708;
1998, 0.00173635765095;
1999, 0.00165889931708;
2000, 0.00167826390054;
2001, 0.00178799654019;
2002, 0.00178799654019;
2003, 0.00178154167904;
2004, 0.00182027084597;
2005, 0.00176863195673;
2006, 0.00194291320794;
2007, 0.00216237848724;
2008, 0.00225274654342;
2009, 0.00236247918307;
2010, 0.00242057293348;
2011, 0.00265940279625;
2012, 0.00276268057474;
2013, 0.00263358335162;
2014, 0.00270458682434;
