1988, 0.0161500626122;
1989, 0.0176992292896;
1990, 0.0188998334646;
1991, 0.0202876286131;
1992, 0.0211654897303;
1993, 0.0219077987632;
1994, 0.0230115800209;
1995, 0.0232504098837;
1996, 0.0239088057216;
1997, 0.0237280696092;
1998, 0.0248124862834;
1999, 0.025748441151;
2000, 0.0273169724119;
2001, 0.0292276113141;
2002, 0.0310801564658;
2003, 0.0322678509185;
2004, 0.0332038057861;
2005, 0.0343334064884;
2006, 0.0358309342766;
2007, 0.0363795974749;
2008, 0.0372897328978;
2009, 0.0377351183176;
2010, 0.0381611391539;
2011, 0.0390390002711;
2012, 0.0394843856909;
2013, 0.0393488336066;
2014, 0.038825989853;
