1988, 0.00114896528576;
1989, 0.00107150695189;
1990, 0.00121351389732;
1991, 0.00129742709234;
1992, 0.00122642361963;
1993, 0.00132970139812;
1994, 0.00137488542621;
1995, 0.00137488542621;
1996, 0.00143297917662;
1997, 0.00140715973199;
1998, 0.00140070487084;
1999, 0.00152980209396;
2000, 0.00159435070552;
2001, 0.00167826390054;
2002, 0.00171699306748;
2003, 0.00182672570713;
2004, 0.00194291320794;
2005, 0.00209782987568;
2006, 0.00229793057151;
2007, 0.0025044861285;
2008, 0.00272395140781;
2009, 0.00296923613173;
2010, 0.00320161113334;
2011, 0.00360826738617;
2012, 0.00389228127703;
2013, 0.00406656252824;
2014, 0.00434412155795;
