1988, 0.0068550625476;
1989, 0.00662914240715;
1990, 0.00660332296252;
1991, 0.0065194097675;
1992, 0.00656459379559;
1993, 0.00659686810137;
1994, 0.00642258685016;
1995, 0.00668723615755;
1996, 0.0068550625476;
1997, 0.00684215282529;
1998, 0.00682924310298;
1999, 0.00691961115916;
2000, 0.00719071532771;
2001, 0.00746827435742;
2002, 0.00741663546817;
2003, 0.00726817366158;
2004, 0.00692606602032;
2005, 0.00671305560217;
2006, 0.00651295490634;
2007, 0.00664205212946;
2008, 0.00664205212946;
2009, 0.00669369101871;
2010, 0.00650004518403;
2011, 0.00637740282207;
2012, 0.00621603129317;
2013, 0.00608047920889;
2014, 0.00588683337421;
