1988, 0.0351467189941;
1989, 0.0337653787067;
1990, 0.0322420314739;
1991, 0.0313448057732;
1992, 0.0301893856263;
1993, 0.0295503543719;
1994, 0.0290533300629;
1995, 0.0290081460348;
1996, 0.0293631633984;
1997, 0.0289306877009;
1998, 0.0292276113141;
1999, 0.0293179793703;
2000, 0.0296213578446;
2001, 0.0299053717355;
2002, 0.0308542363254;
2003, 0.0313577154955;
2004, 0.0316223648029;
2005, 0.0320677502227;
2006, 0.0321000245285;
2007, 0.0320871148062;
2008, 0.0320871148062;
2009, 0.0326228682821;
2010, 0.0360181252501;
2011, 0.0361988613625;
2012, 0.0358438439989;
2013, 0.036179496779;
2014, 0.0359600314997;
