1988, 0.0226694723796;
1989, 0.0225016459896;
1990, 0.0225016459896;
1991, 0.0220498057087;
1992, 0.0217657918178;
1993, 0.0214688682046;
1994, 0.021772246679;
1995, 0.0222757258491;
1996, 0.0234376008572;
1997, 0.0240120835001;
1998, 0.0238571668323;
1999, 0.0240572675282;
2000, 0.0238119828042;
2001, 0.0230115800209;
2002, 0.0221659932095;
2003, 0.0214559584823;
2004, 0.0204619098643;
2005, 0.0193064897174;
2006, 0.0175894966499;
2007, 0.0165115348369;
2008, 0.0156917674701;
2009, 0.0147816320471;
2010, 0.0135810278721;
2011, 0.0129226320342;
2012, 0.012709621616;
2013, 0.0124385174475;
2014, 0.0123029653632;
