1988, 0.00948864589923;
1989, 0.010017944514;
1990, 0.00988239242974;
1991, 0.00988239242974;
1992, 0.0100308542363;
1993, 0.00989530215205;
1994, 0.00996630562477;
1995, 0.0102374097933;
1996, 0.010224500071;
1997, 0.0102051354875;
1998, 0.0101793160429;
1999, 0.0101534965983;
2000, 0.0104762396561;
2001, 0.0103277778495;
2002, 0.0100889479867;
2003, 0.010101857709;
2004, 0.00997276048592;
2005, 0.00965001742813;
2006, 0.00954673964963;
2007, 0.0214236841766;
2008, 0.020946024451;
2009, 0.0206749202825;
2010, 0.02015853139;
2011, 0.0196744168033;
2012, 0.0192032119389;
2013, 0.018544816101;
2014, 0.0179896980416;
