1988, 3.22743057797e-05;
1989, 4.51840280916e-05;
1990, 3.22743057797e-05;
1991, 2.58194446237e-05;
1992, 1.93645834678e-05;
1993, 1.93645834678e-05;
1994, 2.58194446237e-05;
1995, 1.93645834678e-05;
1996, 1.93645834678e-05;
1997, 1.93645834678e-05;
1998, 1.93645834678e-05;
1999, 2.58194446237e-05;
2000, 3.87291669356e-05;
2001, 4.51840280916e-05;
2002, 5.16388892475e-05;
2003, 5.16388892475e-05;
2004, 3.87291669356e-05;
2005, 7.74583338712e-05;
2006, 0.000116187500807;
2007, 8.39131950272e-05;
2008, 7.74583338712e-05;
2009, 6.45486115594e-05;
2010, 8.39131950272e-05;
2011, 0.000142006945431;
2012, 0.000142006945431;
2013, 0.000148461806587;
2014, 0.000154916667742;
