1988, 0.000329197918953;
1989, 0.000387291669356;
1990, 0.000484114586695;
1991, 0.000561572920566;
1992, 0.000555118059411;
1993, 0.000626121532126;
1994, 0.000580937504034;
1995, 0.00058739236519;
1996, 0.000632576393282;
1997, 0.000580937504034;
1998, 0.000664850699061;
1999, 0.000722944449465;
2000, 0.000845586811428;
2001, 0.000890770839519;
2002, 0.000994048618014;
2003, 0.000923045145299;
2004, 0.00101986806264;
2005, 0.00112314584113;
2006, 0.00111669097998;
2007, 0.00122642361963;
2008, 0.00128451737003;
2009, 0.00139425000968;
2010, 0.0013619757039;
2011, 0.00165244445592;
2012, 0.00178154167904;
2013, 0.00191709376331;
2014, 0.00203328126412;
