1988, 0.0109474445205;
1989, 0.0122706910574;
1990, 0.0137036702341;
1991, 0.0150591910768;
1992, 0.0161371528898;
1993, 0.0173764862318;
1994, 0.0181833438763;
1995, 0.0189902015208;
1996, 0.0198551529157;
1997, 0.0206491008378;
1998, 0.0219271633467;
1999, 0.023179406411;
2000, 0.024257368224;
2001, 0.0250577710073;
2002, 0.026284194627;
2003, 0.0267941286583;
2004, 0.0271620557442;
2005, 0.027400885607;
2006, 0.0277817224152;
2007, 0.0281302849176;
2008, 0.0285046668646;
2009, 0.0286143995043;
2010, 0.0287434967274;
2011, 0.0294535314545;
2012, 0.0297181807619;
2013, 0.0304217606279;
2014, 0.0315061773021;
