1988, 0.0132905591201;
1989, 0.0136003924556;
1990, 0.0138779514853;
1991, 0.0139166806522;
1992, 0.0141490556538;
1993, 0.0143168820439;
1994, 0.0147429028802;
1995, 0.0149171841314;
1996, 0.0151689237165;
1997, 0.0210622119518;
1998, 0.0219917119583;
1999, 0.0224822814061;
2000, 0.0228566633532;
2001, 0.0233020487729;
2002, 0.0236506112754;
2003, 0.0240701772505;
2004, 0.0240443578059;
2005, 0.0241411807232;
2006, 0.0241089064174;
2007, 0.0240249932224;
2008, 0.0237538890538;
2009, 0.0241670001678;
2010, 0.0243606460025;
2011, 0.0245672015595;
2012, 0.0248512154504;
2013, 0.0250061321181;
2014, 0.0255160661494;
