1988, 0.0105020591007;
1989, 0.0104246007668;
1990, 0.0106634306296;
1991, 0.010844166742;
1992, 0.0114702882741;
1993, 0.0117607570261;
1994, 0.0123933334194;
1995, 0.0128709931449;
1996, 0.0133357431482;
1997, 0.0139618646803;
1998, 0.0145105278785;
1999, 0.0149107292702;
2000, 0.0155368508023;
2001, 0.01552394108;
2002, 0.0159886910833;
2003, 0.0159241424717;
2004, 0.0162597952518;
2005, 0.0162210660849;
2006, 0.0160467848337;
2007, 0.0160467848337;
2008, 0.0160016008056;
2009, 0.0157369514982;
2010, 0.0154723021908;
2011, 0.0154142084404;
2012, 0.0154787570519;
2013, 0.0153238403842;
2014, 0.0147429028802;
