1988, 0.00242057293348;
1989, 0.00249157640619;
1990, 0.00268522224087;
1991, 0.00267231251856;
1992, 0.00269813196318;
1993, 0.00287241321439;
1994, 0.00300796529867;
1995, 0.00305960418791;
1996, 0.00328552432837;
1997, 0.00327906946722;
1998, 0.00344044099611;
1999, 0.00360826738617;
2000, 0.00371800002582;
2001, 0.00377609377622;
2002, 0.00360181252501;
2003, 0.00367927085888;
2004, 0.0039697396109;
2005, 0.00405365280593;
2006, 0.00425375350176;
2007, 0.00432475697448;
2008, 0.00436994100257;
2009, 0.00433121183563;
2010, 0.00438285072488;
2011, 0.00448612850338;
2012, 0.00473786808846;
2013, 0.00487987503389;
2014, 0.00500251739585;
