1988, 0.00363408683079;
1989, 0.00361472224732;
1990, 0.0036921805812;
1991, 0.00378254863738;
1992, 0.00383418752663;
1993, 0.00368572572004;
1994, 0.00382127780431;
1995, 0.00382773266547;
1996, 0.0041892048902;
1997, 0.00417629516789;
1998, 0.00406656252824;
1999, 0.00398264933321;
2000, 0.00409238197286;
2001, 0.00427957294639;
2002, 0.00420211461251;
2003, 0.00451840280916;
2004, 0.00436994100257;
2005, 0.00425375350176;
2006, 0.0042924826687;
2007, 0.00438285072488;
2008, 0.00427311808523;
2009, 0.00422147919598;
2010, 0.00395682988859;
2011, 0.00390519099934;
2012, 0.00387291669356;
2013, 0.00382773266547;
2014, 0.00381482294316;
