1988, 0.00132324653697;
1989, 0.00118123959154;
1990, 0.0012457882031;
1991, 0.00125869792541;
1992, 0.00131679167581;
1993, 0.00132324653697;
1994, 0.0013038819535;
1995, 0.00138134028737;
1996, 0.00127160764772;
1997, 0.00131679167581;
1998, 0.00134261112043;
1999, 0.00126515278656;
2000, 0.00119414931385;
2001, 0.00122642361963;
2002, 0.0013619757039;
2003, 0.00140070487084;
2004, 0.0014652534824;
2005, 0.00160080556667;
2006, 0.00177508681788;
2007, 0.00187836459638;
2008, 0.00189127431869;
2009, 0.00191063890216;
2010, 0.00203973612528;
2011, 0.00222047223764;
2012, 0.0022269270988;
2013, 0.00229147571036;
2014, 0.00240120835001;
