1988, 0.00802339241683;
1989, 0.00811376047301;
1990, 0.00827513200191;
1991, 0.00845586811428;
1992, 0.00855914589277;
1993, 0.00873342714398;
1994, 0.00861078478202;
1995, 0.00863014936549;
1996, 0.00862369450433;
1997, 0.0132776493978;
1998, 0.0134842049548;
1999, 0.0137617639845;
2000, 0.0137488542621;
2001, 0.0138779514853;
2002, 0.0141684202373;
2003, 0.0145040730174;
2004, 0.0150591910768;
2005, 0.0155368508023;
2006, 0.0161758820568;
2007, 0.0175701320665;
2008, 0.0183188959605;
2009, 0.0191192987439;
2010, 0.0199067918049;
2011, 0.0203521772247;
2012, 0.0209524793122;
2013, 0.0210622119518;
2014, 0.0213268612592;
