1988, 0.00379545835969;
1989, 0.00409883683402;
1990, 0.00406656252824;
1991, 0.00409238197286;
1992, 0.0041311111398;
1993, 0.00425375350176;
1994, 0.00470559378268;
1995, 0.00486696531158;
1996, 0.00502833684047;
1997, 0.00536398962058;
1998, 0.00509288545203;
1999, 0.00564800351144;
2000, 0.00610629865352;
2001, 0.00638385768322;
2002, 0.00673242018564;
2003, 0.0068550625476;
2004, 0.00719071532771;
2005, 0.0075586424136;
2006, 0.00765546533094;
2007, 0.00802984727799;
2008, 0.00821703825151;
2009, 0.00846232297543;
2010, 0.00862369450433;
2011, 0.00895289242328;
2012, 0.00890125353404;
2013, 0.00895934728444;
2014, 0.00888188895057;
