1988, 0.0107408889635;
1989, 0.0108506216031;
1990, 0.011011993132;
1991, 0.0112960070229;
1992, 0.0115025625799;
1993, 0.0115929306361;
1994, 0.0118253056377;
1995, 0.0120383160558;
1996, 0.0121738681401;
1997, 0.0124966111979;
1998, 0.0132389202308;
1999, 0.0138714966241;
2000, 0.0149300938537;
2001, 0.0158337744155;
2002, 0.0164405313642;
2003, 0.0172409341475;
2004, 0.0184802674894;
2005, 0.0197518751372;
2006, 0.0205522779205;
2007, 0.0229793057151;
2008, 0.0252126876751;
2009, 0.0270006842153;
2010, 0.0284078439473;
2011, 0.0294018925653;
2012, 0.0306089516015;
2013, 0.0317191877203;
2014, 0.0327519655052;
