1988, 0.0249286737842;
1989, 0.0256322536502;
1990, 0.025787170318;
1991, 0.026161552265;
1992, 0.026452021017;
1993, 0.0267747640748;
1994, 0.0262325557377;
1995, 0.0256128890668;
1996, 0.0249996772569;
1997, 0.0247995765611;
1998, 0.023882986277;
1999, 0.0223338195995;
2000, 0.0215075973716;
2001, 0.0209782987568;
2002, 0.0200810730561;
2003, 0.0191128438827;
2004, 0.0186158195737;
2005, 0.0187190973522;
2006, 0.0186868230464;
2007, 0.0183834445721;
2008, 0.0182995313771;
2009, 0.0182995313771;
2010, 0.0180413369308;
2011, 0.0181446147093;
2012, 0.0176217709557;
2013, 0.0172796633144;
2014, 0.0168600973393;
