1988, 0.00277559029705;
1989, 0.00287241321439;
1990, 0.00280786460283;
1991, 0.00303378474329;
1992, 0.00314351738294;
1993, 0.00331779863415;
1994, 0.00335007293993;
1995, 0.00344689585727;
1996, 0.00351144446883;
1997, 0.00365345141426;
1998, 0.00364054169195;
1999, 0.00362763196964;
2000, 0.00350498960767;
2001, 0.00369863544235;
2002, 0.00387291669356;
2003, 0.00401492363899;
2004, 0.00415693058442;
2005, 0.0060933889312;
2006, 0.00613211809814;
2007, 0.00627412504357;
2008, 0.00648713546172;
2009, 0.00669369101871;
2010, 0.0070164340765;
2011, 0.00711325699384;
2012, 0.00713907643847;
2013, 0.00709389241037;
2014, 0.00733272227314;
