1988, 0.00211073959799;
1989, 0.00196873265256;
1990, 0.00211073959799;
1991, 0.00231084029383;
1992, 0.00243993751694;
1993, 0.00263358335162;
1994, 0.00267876737971;
1995, 0.00302087502098;
1996, 0.00309187849369;
1997, 0.00332425349531;
1998, 0.00369863544235;
1999, 0.00411820141749;
2000, 0.00427957294639;
2001, 0.00438285072488;
2002, 0.00457649655956;
2003, 0.0046733194769;
2004, 0.00467977433805;
2005, 0.00484114586695;
2006, 0.0048927847562;
2007, 0.00491860420082;
2008, 0.00495733336776;
2009, 0.00497024309007;
2010, 0.00509288545203;
2011, 0.00535107989827;
2012, 0.00542208337099;
2013, 0.00555763545526;
2014, 0.00579001045688;
