1988, 0.0189514723538;
1989, 0.0181962535986;
1990, 0.0172344792864;
1991, 0.0162081563626;
1992, 0.0154787570519;
1993, 0.0148720001033;
1994, 0.013865041763;
1995, 0.0135229341217;
1996, 0.0131937362027;
1997, 0.0132905591201;
1998, 0.0130969132854;
1999, 0.0133486528705;
2000, 0.0132647396754;
2001, 0.0139941389861;
2002, 0.0136520313448;
2003, 0.0139425000968;
2004, 0.0143039723216;
2005, 0.0149494584371;
2006, 0.0151431042718;
2007, 0.0151301945495;
2008, 0.0152657466338;
2009, 0.0153044758007;
2010, 0.015317385523;
2011, 0.0151689237165;
2012, 0.0150527362156;
2013, 0.0148268160752;
2014, 0.0147299931578;
