1988, 0.0492828649256;
1989, 0.0493732329818;
1990, 0.0500251739585;
1991, 0.0504253753502;
1992, 0.0508449413253;
1993, 0.0521746427234;
1994, 0.0536269864835;
1995, 0.056047559417;
1996, 0.0579194691522;
1997, 0.0623539587663;
1998, 0.0666335317127;
1999, 0.0701385213204;
2000, 0.0733014032868;
2001, 0.0758898026103;
2002, 0.0787944901305;
2003, 0.0811440595913;
2004, 0.0841197505842;
2005, 0.0855785492054;
2006, 0.0884057783917;
2007, 0.0876441047753;
2008, 0.0869340700482;
2009, 0.0860432992086;
2010, 0.0867275144912;
2011, 0.0873665457456;
2012, 0.0872051742167;
2013, 0.0874827332464;
2014, 0.0880184867224;
