1988, 0.0118769445269;
1989, 0.0118511250823;
1990, 0.0117865764707;
1991, 0.0118188507765;
1992, 0.0122965105021;
1993, 0.0123416945302;
1994, 0.012503066059;
1995, 0.0127999896722;
1996, 0.0126967118937;
1997, 0.0123223299467;
1998, 0.0119931320277;
1999, 0.0118833993881;
2000, 0.0114638334129;
2001, 0.011050722299;
2002, 0.0105472431288;
2003, 0.0104891493784;
2004, 0.010017944514;
2005, 0.00958546881657;
2006, 0.00893352783982;
2007, 0.00882379520017;
2008, 0.00841713894734;
2009, 0.00788784033255;
2010, 0.00756509727476;
2011, 0.0072810833839;
2012, 0.00688733685338;
2013, 0.0068550625476;
2014, 0.00668723615755;
