1988, 0.0500768128478;
1989, 0.0507158441022;
1990, 0.0509869482707;
1991, 0.0509934031319;
1992, 0.0507739378526;
1993, 0.0501607260428;
1994, 0.0491021288132;
1995, 0.0477207885258;
1996, 0.046733194769;
1997, 0.0452873058701;
1998, 0.0448548301726;
1999, 0.0444869030867;
2000, 0.0436219516918;
2001, 0.0423955280722;
2002, 0.0409367294509;
2003, 0.0402589690296;
2004, 0.0387678961026;
2005, 0.0376512051226;
2006, 0.0361924065013;
2007, 0.0347981564917;
2008, 0.0335071842605;
2009, 0.0320935696673;
2010, 0.0304282154891;
2011, 0.0289113231174;
2012, 0.0273298821342;
2013, 0.0260970036535;
2014, 0.0251933230916;
