1988, 0.00674532990795;
1989, 0.00659686810137;
1990, 0.00624830559895;
1991, 0.00608047920889;
1992, 0.00571900698416;
1993, 0.0054349930933;
1994, 0.00500251739585;
1995, 0.00498960767354;
1996, 0.00492505906198;
1997, 0.00482823614464;
1998, 0.00482823614464;
1999, 0.00475077781077;
2000, 0.00484760072811;
2001, 0.00479596183886;
2002, 0.00491214933967;
2003, 0.00504770142394;
2004, 0.00524134725862;
2005, 0.00515743406359;
2006, 0.00534462503712;
2007, 0.00537044448174;
2008, 0.00532526045365;
2009, 0.00523489239746;
2010, 0.00519616323053;
2011, 0.00530589587018;
2012, 0.00531880559249;
2013, 0.00531880559249;
2014, 0.00529944100902;
