1988, 0.00183963542944;
1989, 0.001904184041;
1990, 0.00185900001291;
1991, 0.00187190973522;
1992, 0.00189127431869;
1993, 0.00191063890216;
1994, 0.00198164237487;
1995, 0.00202037154181;
1996, 0.00202682640296;
1997, 0.00219465279302;
1998, 0.0021236493203;
1999, 0.00217528820955;
2000, 0.00226565626573;
2001, 0.00240766321116;
2002, 0.00253030557313;
2003, 0.00264649307393;
2004, 0.00275622571358;
2005, 0.00285950349208;
2006, 0.00280786460283;
2007, 0.00285950349208;
2008, 0.00283368404746;
2009, 0.00304023960445;
2010, 0.0029886007152;
2011, 0.00291759724248;
2012, 0.0029886007152;
2013, 0.00305960418791;
2014, 0.00308542363254;
