1988, 0.0110055382709;
1989, 0.0112766424394;
1990, 0.0116445695253;
1991, 0.0115025625799;
1992, 0.0117478473038;
1993, 0.01183821536;
1994, 0.0119802223054;
1995, 0.0122577813351;
1996, 0.0123416945302;
1997, 0.012419152864;
1998, 0.0129355417565;
1999, 0.0133421980093;
2000, 0.0132905591201;
2001, 0.0136520313448;
2002, 0.0136649410671;
2003, 0.0138973160687;
2004, 0.0135939375944;
2005, 0.0135874827332;
2006, 0.0135422987052;
2007, 0.013658486206;
2008, 0.0136003924556;
2009, 0.0133034688424;
2010, 0.0133680174539;
2011, 0.0133744723151;
2012, 0.0136068473167;
2013, 0.0139554098191;
2014, 0.0141684202373;
