1988, 0.0517938059152;
1989, 0.0533429725927;
1990, 0.0544790281561;
1991, 0.0558345489989;
1992, 0.057577361511;
1993, 0.0592556254115;
1994, 0.0599721149998;
1995, 0.0601980351403;
1996, 0.0608177018112;
1997, 0.0599721149998;
1998, 0.0594492712462;
1999, 0.0588876983256;
2000, 0.0589135177702;
2001, 0.0631027226604;
2002, 0.0638385768322;
2003, 0.0646712539213;
2004, 0.0661365074037;
2005, 0.0673758407457;
2006, 0.0680858754728;
2007, 0.0685958095041;
2008, 0.0695123997883;
2009, 0.0704870838228;
2010, 0.07119711855;
2011, 0.0716554136921;
2012, 0.0722363511961;
2013, 0.0720427053614;
2014, 0.071281031745;
