1988, 0.00904326047947;
1989, 0.00964356256697;
1990, 0.00995985076361;
1991, 0.0103213229883;
1992, 0.0107860729916;
1993, 0.0108183472973;
1994, 0.0108958056312;
1995, 0.0108764410478;
1996, 0.010805437575;
1997, 0.01055369799;
1998, 0.0107150695189;
1999, 0.0107925278527;
2000, 0.0108764410478;
2001, 0.011011993132;
2002, 0.0111217257717;
2003, 0.0112056389667;
2004, 0.0110959063271;
2005, 0.0113541007733;
2006, 0.0114380139683;
2007, 0.0112379132725;
2008, 0.0111475452163;
2009, 0.0108699861866;
2010, 0.0109409896593;
2011, 0.0106827952131;
2012, 0.0105343334065;
2013, 0.0104697847949;
2014, 0.00991466673552;
