1988, 0.0278720904713;
1989, 0.0283884793638;
1990, 0.0284078439473;
1991, 0.0285369411704;
1992, 0.0287176772828;
1993, 0.0286595835324;
1994, 0.0289694168678;
1995, 0.0281561043622;
1996, 0.0270587779657;
1997, 0.0263745626832;
1998, 0.0262325557377;
1999, 0.025167503647;
2000, 0.0247092085049;
2001, 0.024173455029;
2002, 0.0236054272473;
2003, 0.0226952918243;
2004, 0.0220949897368;
2005, 0.0215721459831;
2006, 0.0214624133435;
2007, 0.0210493022295;
2008, 0.0206491008378;
2009, 0.0209266598675;
2010, 0.0209008404229;
2011, 0.0206491008378;
2012, 0.0202553543073;
2013, 0.0200487987503;
2014, 0.0197131459702;
