1988, 0.00687442713107;
1989, 0.00689379171454;
1990, 0.00691961115916;
1991, 0.00804921186145;
1992, 0.0082041285292;
1993, 0.00828804172422;
1994, 0.00837840978041;
1995, 0.00838486464156;
1996, 0.00863660422664;
1997, 0.00908844450756;
1998, 0.00941764242651;
1999, 0.00983075354049;
2000, 0.0100050347917;
2001, 0.0100502188198;
2002, 0.0102696840991;
2003, 0.0103987813222;
2004, 0.0105020591007;
2005, 0.010637611185;
2006, 0.0107408889635;
2007, 0.0107344341023;
2008, 0.0105601528511;
2009, 0.0104891493784;
2010, 0.0106892500742;
2011, 0.0107150695189;
2012, 0.0106827952131;
2013, 0.0109990834097;
2014, 0.0111798195221;
