1988, 0.0151366494107;
1989, 0.0156724028866;
1990, 0.0162404306683;
1991, 0.0166729063658;
1992, 0.0173700313706;
1993, 0.0179896980416;
1994, 0.018460902906;
1995, 0.0190482952712;
1996, 0.019332309162;
1997, 0.0201972605569;
1998, 0.0211138508411;
1999, 0.0216560591782;
2000, 0.0217657918178;
2001, 0.0220046216806;
2002, 0.0220885348756;
2003, 0.0223209098772;
2004, 0.0224629168227;
2005, 0.0225920140458;
2006, 0.0230051251598;
2007, 0.0227211112689;
2008, 0.0223660939053;
2009, 0.0220175314029;
2010, 0.0223402744607;
2011, 0.0227856598805;
2012, 0.0229663959928;
2013, 0.0230244897432;
2014, 0.0233536876622;
