1994, 0.0021236493203;
1995, 0.00233020487729;
1996, 0.00242057293348;
1997, 0.00242702779463;
1998, 0.00256903474006;
1999, 0.00245930210041;
2000, 0.00262067362931;
2001, 0.00274331599127;
2002, 0.0028853229367;
2003, 0.00304023960445;
2004, 0.00320161113334;
2005, 0.00327261460606;
2006, 0.00338234724571;
2007, 0.00340816669033;
2008, 0.00353726391345;
2009, 0.00398264933321;
2010, 0.00403428822246;
2011, 0.00424729864061;
2012, 0.00452485767031;
2013, 0.00489923961736;
2014, 0.00509288545203;
