1988, 0.0155497605247;
1989, 0.0155045764966;
1990, 0.0157434063593;
1991, 0.0155949445527;
1992, 0.0154852119131;
1993, 0.0156594931643;
1994, 0.0155884896916;
1995, 0.0154981216354;
1996, 0.0157434063593;
1997, 0.0158466841378;
1998, 0.0159435070552;
1999, 0.0162210660849;
2000, 0.0163953473361;
2001, 0.016724545255;
2002, 0.0167955487277;
2003, 0.0169375556732;
2004, 0.0173054827591;
2005, 0.0176669549838;
2006, 0.017841236235;
2007, 0.018667458463;
2008, 0.0198228786099;
2009, 0.0205522779205;
2010, 0.0214365938989;
2011, 0.0223273647384;
2012, 0.0228179341862;
2013, 0.0234440557184;
2014, 0.0235602432192;
