1988, 0.00140715973199;
1989, 0.0013038819535;
1990, 0.00132970139812;
1991, 0.00133615625928;
1992, 0.00138779514853;
1993, 0.00142006945431;
1994, 0.00151043751049;
1995, 0.00151689237165;
1996, 0.00158789584436;
1997, 0.00163307987245;
1998, 0.0016847187617;
1999, 0.0018460902906;
2000, 0.00186545487407;
2001, 0.00189127431869;
2002, 0.00196873265256;
2003, 0.0020655555699;
2004, 0.00211719445915;
2005, 0.00225920140458;
2006, 0.00229793057151;
2007, 0.00242057293348;
2008, 0.00251094098966;
2009, 0.00258839932353;
2010, 0.00262712849047;
2011, 0.00274331599127;
2012, 0.00282077432514;
2013, 0.00291759724248;
2014, 0.00305314932676;
