1988, 0.0496443371503;
1989, 0.0495733336776;
1990, 0.0507997572972;
1991, 0.05215527814;
1992, 0.0528072191167;
1993, 0.0540981913479;
1994, 0.0548663198255;
1995, 0.0556150837195;
1996, 0.0558926427493;
1997, 0.056170201779;
1998, 0.0578549205407;
1999, 0.0674532990795;
2000, 0.0691380178412;
2001, 0.0706742747963;
2002, 0.0713455803566;
2003, 0.0724041775861;
2004, 0.0734111359265;
2005, 0.0787170317966;
2006, 0.0793560630511;
2007, 0.0794916151354;
2008, 0.0795626186081;
2009, 0.0797304449981;
2010, 0.0789364970759;
2011, 0.0782264623488;
2012, 0.0773873303985;
2013, 0.0761092678896;
2014, 0.0743277262106;
