1988, 0.0186158195737;
1989, 0.0190482952712;
1990, 0.0194162223571;
1991, 0.0198422431933;
1992, 0.0198874272214;
1993, 0.0203715418081;
1994, 0.0204877293089;
1995, 0.0202618091685;
1996, 0.0200681633338;
1997, 0.0197002362479;
1998, 0.0190676598546;
1999, 0.0181962535986;
2000, 0.0175894966499;
2001, 0.017260298731;
2002, 0.0164663508088;
2003, 0.0160855140006;
2004, 0.0158337744155;
2005, 0.0159176876105;
2006, 0.0164276216419;
2007, 0.0166083577542;
2008, 0.0170214688682;
2009, 0.0171828403971;
2010, 0.0176024063722;
2011, 0.0179316042912;
2012, 0.0180671563755;
2013, 0.018170434154;
2014, 0.0184544480448;
