1988, 0.00552536114948;
1989, 0.00560281948335;
1990, 0.00561572920566;
1991, 0.00585455906843;
1992, 0.00577710073456;
1993, 0.00599656601387;
1994, 0.00616439240392;
1995, 0.00630639934935;
1996, 0.00662268754599;
1997, 0.00912071881334;
1998, 0.0094047327042;
1999, 0.0100050347917;
2000, 0.0103858715999;
2001, 0.0106053368792;
2002, 0.0113347361898;
2003, 0.0116832986922;
2004, 0.0119995868889;
2005, 0.0124643368921;
2006, 0.0127031667549;
2007, 0.0129742709234;
2008, 0.0133873820374;
2009, 0.0139876841249;
2010, 0.0144072501001;
2011, 0.0145621667678;
2012, 0.0147880869083;
2013, 0.0151689237165;
2014, 0.0157821355263;
