1988, 0.0174474897045;
1989, 0.0172022049806;
1990, 0.0169633751178;
1991, 0.017053743174;
1992, 0.017260298731;
1993, 0.0175443126218;
1994, 0.017841236235;
1995, 0.0186093647126;
1996, 0.018751371658;
1997, 0.0189837466596;
1998, 0.019622777914;
1999, 0.0201843508346;
2000, 0.0208879307006;
2001, 0.0212235834807;
2002, 0.0208685661171;
2003, 0.0205070938924;
2004, 0.019868062638;
2005, 0.01904184041;
2006, 0.0184996320729;
2007, 0.0173377570648;
2008, 0.0163178890022;
2009, 0.0158079549709;
2010, 0.0147880869083;
2011, 0.0141490556538;
2012, 0.0130194549515;
2013, 0.0123868785582;
2014, 0.0118123959154;
