1988, 0.0227469307135;
1989, 0.0226113786292;
1990, 0.0223144550161;
1991, 0.0220949897368;
1992, 0.0219336182079;
1993, 0.022185357793;
1994, 0.0220046216806;
1995, 0.022269270988;
1996, 0.0228243890474;
1997, 0.0236441564142;
1998, 0.0240766321116;
1999, 0.024463923781;
2000, 0.0249222189231;
2001, 0.0254773369825;
2002, 0.0261873717096;
2003, 0.0267231251856;
2004, 0.0272911529673;
2005, 0.0279495488052;
2006, 0.0283755696415;
2007, 0.0287886807555;
2008, 0.0290662397852;
2009, 0.0291630627025;
2010, 0.0294664411769;
2011, 0.0294148022876;
2012, 0.0296342675669;
2013, 0.0299118265966;
2014, 0.0303701217387;
