1988, 0.00281431946399;
1989, 0.00287886807555;
1990, 0.00284013890861;
1991, 0.00294987154826;
1992, 0.00307251391023;
1993, 0.00321452085566;
1994, 0.00340171182918;
1995, 0.00344689585727;
1996, 0.00331779863415;
1997, 0.00339525696802;
1998, 0.00347917016305;
1999, 0.00349207988536;
2000, 0.00357599308039;
2001, 0.00373090974813;
2002, 0.0036469965531;
2003, 0.00379545835969;
2004, 0.00395037502743;
2005, 0.00400846877784;
2006, 0.00414402086211;
2007, 0.00429893752985;
2008, 0.004511947948;
2009, 0.0047895069777;
2010, 0.00497024309007;
2011, 0.00529298614787;
2012, 0.00542853823214;
2013, 0.0056544583726;
2014, 0.00579646531803;
