1988, 0.0105085139619;
1989, 0.010928079937;
1990, 0.0110571771601;
1991, 0.0114121945237;
1992, 0.0116832986922;
1993, 0.0121028646674;
1994, 0.0122319618905;
1995, 0.011960857722;
1996, 0.0119156736939;
1997, 0.0114509236906;
1998, 0.0112637327171;
1999, 0.0108828959089;
2000, 0.0111023611882;
2001, 0.0110571771601;
2002, 0.0112314584113;
2003, 0.0110249028543;
2004, 0.0108958056312;
2005, 0.0110959063271;
2006, 0.0109926285486;
2007, 0.0111281806328;
2008, 0.0110829966047;
2009, 0.0112120938279;
2010, 0.0114315591072;
2011, 0.0115800209138;
2012, 0.0116381146642;
2013, 0.0117865764707;
2014, 0.0116639341088;
