1988, 0.00079394792218;
1989, 0.000813312505648;
1990, 0.000832677089116;
1991, 0.000923045145299;
1992, 0.000929500006455;
1993, 0.000935954867611;
1994, 0.000929500006455;
1995, 0.000987593756858;
1996, 0.000994048618014;
1997, 0.000974684034546;
1998, 0.000845586811428;
1999, 0.000839131950272;
2000, 0.00085849653374;
2001, 0.000864951394895;
2002, 0.000903680561831;
2003, 0.000923045145299;
2004, 0.000923045145299;
2005, 0.000948864589923;
2006, 0.000961774312235;
2007, 0.000884315978363;
2008, 0.000852041672584;
2009, 0.000845586811428;
2010, 0.000871406256051;
2011, 0.000871406256051;
2012, 0.000890770839519;
2013, 0.000903680561831;
2014, 0.000890770839519;
