1988, 0.00844941325312;
1989, 0.00883025006132;
1990, 0.00921754173068;
1991, 0.00951446534385;
1992, 0.00963710770581;
1993, 0.00983720840165;
1994, 0.00997276048592;
1995, 0.00988884729089;
1996, 0.00990175701321;
1997, 0.00942409728767;
1998, 0.00935954867611;
1999, 0.00933372923148;
2000, 0.00937245839842;
2001, 0.00929500006455;
2002, 0.00928854520339;
2003, 0.00936600353726;
2004, 0.0094628264546;
2005, 0.00975329520662;
2006, 0.009727475762;
2007, 0.00986302784627;
2008, 0.00983720840165;
2009, 0.0100050347917;
2010, 0.0102503195156;
2011, 0.0103213229883;
2012, 0.0103535972941;
2013, 0.0101534965983;
2014, 0.00986948270743;
