1988, 0.0132970139812;
1989, 0.0134583855101;
1990, 0.0136133021779;
1991, 0.0138004931514;
1992, 0.0138521320406;
1993, 0.0140780521811;
1994, 0.0144524341281;
1995, 0.0146267153794;
1996, 0.0145492570455;
1997, 0.0145557119066;
1998, 0.0141813299596;
1999, 0.0142523334323;
2000, 0.013865041763;
2001, 0.0137746737068;
2002, 0.0136391216225;
2003, 0.0137617639845;
2004, 0.0136907605117;
2005, 0.0135810278721;
2006, 0.013206645925;
2007, 0.0132260105085;
2008, 0.0130710938408;
2009, 0.0130259098127;
2010, 0.0127418959218;
2011, 0.0123094202244;
2012, 0.0119544028608;
2013, 0.011218548689;
2014, 0.0107279792412;
