1988, 0.00831386116885;
1989, 0.00837840978041;
1990, 0.0081589445011;
1991, 0.00841713894734;
1992, 0.00875279172745;
1993, 0.00904326047947;
1994, 0.00935954867611;
1995, 0.0097855695124;
1996, 0.0102890486826;
1997, 0.0107860729916;
1998, 0.0110700868824;
1999, 0.0114638334129;
2000, 0.01200604175;
2001, 0.012128684112;
2002, 0.0126321632822;
2003, 0.0127677153664;
2004, 0.013038819535;
2005, 0.0134971146771;
2006, 0.0139166806522;
2007, 0.0144266146835;
2008, 0.0151560139941;
2009, 0.015853138999;
2010, 0.0166341771988;
2011, 0.0174797640103;
2012, 0.0180994306812;
2013, 0.0188869237423;
2014, 0.0197970591653;
