1988, 0.00163307987245;
1989, 0.00169762848401;
1990, 0.00165889931708;
1991, 0.00165889931708;
1992, 0.00165889931708;
1993, 0.00173635765095;
1994, 0.00191709376331;
1995, 0.00203328126412;
1996, 0.00202037154181;
1997, 0.0020655555699;
1998, 0.00205910070874;
1999, 0.00223338195995;
2000, 0.00219465279302;
2001, 0.0024463923781;
2002, 0.00262067362931;
2003, 0.00287241321439;
2004, 0.00300796529867;
2005, 0.00317579168872;
2006, 0.00325325002259;
2007, 0.00347917016305;
2008, 0.00362117710848;
2009, 0.00396328474975;
2010, 0.00421502433483;
2011, 0.00448612850338;
2012, 0.00469913892152;
2013, 0.00491214933967;
2014, 0.00499606253469;
