1988, 0.0013619757039;
1989, 0.00140070487084;
1990, 0.00154271181627;
1991, 0.00161371528898;
1992, 0.00161371528898;
1993, 0.00161371528898;
1994, 0.0016847187617;
1995, 0.00167826390054;
1996, 0.00169117362286;
1997, 0.00165244445592;
1998, 0.00165889931708;
1999, 0.00154271181627;
2000, 0.00147816320471;
2001, 0.00163953473361;
2002, 0.00178799654019;
2003, 0.00185900001291;
2004, 0.0019622777914;
2005, 0.00213655904261;
2006, 0.00211073959799;
2007, 0.00220110765417;
2008, 0.00226565626573;
2009, 0.00232375001614;
2010, 0.00234956946076;
2011, 0.00237538890538;
2012, 0.00236893404423;
2013, 0.00242057293348;
2014, 0.00243993751694;
