1988, 0.0529104968952;
1989, 0.0525490246705;
1990, 0.0522456461962;
1991, 0.0518712642491;
1992, 0.0518518996656;
1993, 0.0519358128607;
1994, 0.0524844760589;
1995, 0.053730264262;
1996, 0.0544144795445;
1997, 0.0570867920631;
1998, 0.0597139205536;
1999, 0.0614825525103;
2000, 0.0626767018241;
2001, 0.0647616219775;
2002, 0.0670208233821;
2003, 0.0691832018693;
2004, 0.0705129032675;
2005, 0.0717586914705;
2006, 0.0734885942603;
2007, 0.0737403338454;
2008, 0.0737790630124;
2009, 0.0742502678767;
2010, 0.0750829449659;
2011, 0.0757477956649;
2012, 0.0766579310879;
2013, 0.0774583338712;
2014, 0.0893030040924;
