1988, 0.0188546494365;
1989, 0.0191192987439;
1990, 0.019577593886;
1991, 0.0200875279173;
1992, 0.0207136494494;
1993, 0.0213462258427;
1994, 0.021649604317;
1995, 0.0216883334839;
1996, 0.0218303404294;
1997, 0.0211783994526;
1998, 0.0207911077833;
1999, 0.0207588334775;
2000, 0.0207330140329;
2001, 0.0210622119518;
2002, 0.0213074966757;
2003, 0.0212881320923;
2004, 0.0216560591782;
2005, 0.0218948890409;
2006, 0.0223725487665;
2007, 0.0228695730755;
2008, 0.0233020487729;
2009, 0.0231987709944;
2010, 0.0231148577994;
2011, 0.0231535869663;
2012, 0.0228308439085;
2013, 0.0223919133499;
2014, 0.0216625140393;
