1988, 0.00240120835001;
1989, 0.00245284723926;
1990, 0.00251094098966;
1991, 0.00257548960122;
1992, 0.00267231251856;
1993, 0.00287886807555;
1994, 0.00310478821601;
1995, 0.00323388543912;
1996, 0.00330488891184;
1997, 0.00342107641265;
1998, 0.00351789932999;
1999, 0.0036921805812;
2000, 0.003808368082;
2001, 0.00391810072165;
2002, 0.0041311111398;
2003, 0.00404074308362;
2004, 0.00410529169518;
2005, 0.00412465627864;
2006, 0.00416338544558;
2007, 0.00424729864061;
2008, 0.00427311808523;
2009, 0.00438930558604;
2010, 0.00442157989182;
2011, 0.00452485767031;
2012, 0.00449258336453;
2013, 0.00458940628187;
2014, 0.00466686461574;
