1988, 0.000942409728767;
1989, 0.000987593756858;
1990, 0.000994048618014;
1991, 0.00105859722957;
1992, 0.00112314584113;
1993, 0.00106505209073;
1994, 0.00118769445269;
1995, 0.00121996875847;
1996, 0.00125869792541;
1997, 0.0012457882031;
1998, 0.00131679167581;
1999, 0.00131033681466;
2000, 0.00143943403777;
2001, 0.00135552084275;
2002, 0.00143297917662;
2003, 0.00149107292702;
2004, 0.00134261112043;
2005, 0.00125869792541;
2006, 0.00119414931385;
2007, 0.00116187500807;
2008, 0.00102632292379;
2009, 0.00103923264611;
2010, 0.000987593756858;
2011, 0.00096822917339;
2012, 0.000839131950272;
2013, 0.000742309032933;
2014, 0.000761673616401;
