1988, 0.0412852919534;
1989, 0.0408076322278;
1990, 0.0409238197286;
1991, 0.0412917468145;
1992, 0.0415822155665;
1993, 0.0416532190393;
1994, 0.0410658266741;
1995, 0.040026594028;
1996, 0.0389292676315;
1997, 0.0382515072101;
1998, 0.0384645176282;
1999, 0.038290236377;
2000, 0.0380643162366;
2001, 0.0370767224797;
2002, 0.0370702676185;
2003, 0.0363408683079;
2004, 0.0364635106699;
2005, 0.0397683995817;
2006, 0.0392391009669;
2007, 0.0380062224862;
2008, 0.0373736460929;
2009, 0.0371283613689;
2010, 0.0369992641458;
2011, 0.0368572572004;
2012, 0.0371025419243;
2013, 0.0376576599837;
2014, 0.0372316391474;
