1988, 0.0400072294445;
1989, 0.0397748544429;
1990, 0.0404655245866;
1991, 0.0405171634758;
1992, 0.041020642646;
1993, 0.041685493345;
1994, 0.0419824169582;
1995, 0.0424407121003;
1996, 0.0421954273764;
1997, 0.0420663301532;
1998, 0.0413756600096;
1999, 0.0408657259782;
2000, 0.0405881669485;
2001, 0.0404203405585;
2002, 0.0399362259718;
2003, 0.0425310801565;
2004, 0.0412982016757;
2005, 0.0401750558345;
2006, 0.0377867572069;
2007, 0.0366894308103;
2008, 0.0363408683079;
2009, 0.0351596287164;
2010, 0.0340493925976;
2011, 0.0337008300951;
2012, 0.0336621009282;
2013, 0.0333974516208;
2014, 0.0332554446754;
