1988, 0.00460877086534;
1989, 0.00513806948013;
1990, 0.00538980906521;
1991, 0.00553181601064;
1992, 0.00576419101225;
1993, 0.005712552123;
1994, 0.00555763545526;
1995, 0.00558990976104;
1996, 0.00580937504034;
1997, 0.00589974309653;
1998, 0.00609984379236;
1999, 0.00619021184854;
2000, 0.00640967712784;
2001, 0.00670660074102;
2002, 0.00684215282529;
2003, 0.00706161810459;
2004, 0.00732626741199;
2005, 0.0075005486632;
2006, 0.00766837505325;
2007, 0.00822994797382;
2008, 0.00910135422987;
2009, 0.00965647228928;
2010, 0.0106053368792;
2011, 0.0111604549386;
2012, 0.0117091181369;
2013, 0.0122384167517;
2014, 0.0129355417565;
