1988, 0.017673409845;
1989, 0.0177444133177;
1990, 0.0178218716515;
1991, 0.0181510695705;
1992, 0.0180026077639;
1993, 0.0184479931837;
1994, 0.0186416390183;
1995, 0.0213204063981;
1996, 0.0216366945947;
1997, 0.0219336182079;
1998, 0.0225532848788;
1999, 0.0227727501581;
2000, 0.0227469307135;
2001, 0.0228566633532;
2002, 0.023179406411;
2003, 0.0229083022424;
2004, 0.023263319606;
2005, 0.023140677244;
2006, 0.0231987709944;
2007, 0.0228695730755;
2008, 0.0224500071003;
2009, 0.0221724480706;
2010, 0.0218238855682;
2011, 0.0213785001485;
2012, 0.0214365938989;
2013, 0.0211009411188;
2014, 0.0204877293089;
