1988, 0.0011425104246;
1989, 0.00109087153535;
1990, 0.00112960070229;
1991, 0.00118123959154;
1992, 0.00121996875847;
1993, 0.00121351389732;
1994, 0.00129742709234;
1995, 0.00137488542621;
1996, 0.00132970139812;
1997, 0.00136843056506;
1998, 0.00133615625928;
1999, 0.00129742709234;
2000, 0.0012457882031;
2001, 0.00127806250888;
2002, 0.00143943403777;
2003, 0.00148461806587;
2004, 0.00156853126089;
2005, 0.0016266250113;
2006, 0.00167826390054;
2007, 0.00176217709557;
2008, 0.00179445140135;
2009, 0.00197518751372;
2010, 0.00209137501452;
2011, 0.00218174307071;
2012, 0.00227211112689;
2013, 0.00227856598805;
2014, 0.00237538890538;
