1988, 0.0668207226863;
1989, 0.0667109900466;
1990, 0.0666916254631;
1991, 0.0673371115787;
1992, 0.0678728650547;
1993, 0.0682795213075;
1994, 0.0686861775603;
1995, 0.0694091220098;
1996, 0.0687830004777;
1997, 0.0679567782497;
1998, 0.066355972683;
1999, 0.0647164379494;
2000, 0.0641032261396;
2001, 0.0627089761299;
2002, 0.0614502782045;
2003, 0.0596170976362;
2004, 0.0587327816579;
2005, 0.056835052478;
2006, 0.0551503337163;
2007, 0.0539755489859;
2008, 0.0527297607828;
2009, 0.0516517989698;
2010, 0.0508126670195;
2011, 0.0502704586824;
2012, 0.0495410593718;
2013, 0.0490246704793;
2014, 0.048308180891;
