1988, 0.0186093647126;
1989, 0.0182156181821;
1990, 0.0176605001226;
1991, 0.017260298731;
1992, 0.016931100812;
1993, 0.0167955487277;
1994, 0.0168859167839;
1995, 0.0191580279108;
1996, 0.0195646841636;
1997, 0.0200487987503;
1998, 0.0200939827784;
1999, 0.020532913337;
2000, 0.0206942848659;
2001, 0.0211203057022;
2002, 0.0209589341733;
2003, 0.0212429480642;
2004, 0.0215075973716;
2005, 0.021772246679;
2006, 0.0220433508475;
2007, 0.0223402744607;
2008, 0.022850208492;
2009, 0.0229986702986;
2010, 0.0230632189102;
2011, 0.0230761286325;
2012, 0.0230954932159;
2013, 0.0230825834936;
2014, 0.0228631182143;
