1988, 0.0116381146642;
1989, 0.0124707917533;
1990, 0.0129678160623;
1991, 0.0131808264804;
1992, 0.013535843844;
1993, 0.0138392223183;
1994, 0.0144266146835;
1995, 0.0146008959347;
1996, 0.0148268160752;
1997, 0.0149042744091;
1998, 0.0150204619099;
1999, 0.0151818334388;
2000, 0.01535611469;
2001, 0.0202876286131;
2002, 0.0207265591717;
2003, 0.0212106737584;
2004, 0.0217399723732;
2005, 0.0223402744607;
2006, 0.0227275661301;
2007, 0.0240766321116;
2008, 0.0253611494817;
2009, 0.0262519203212;
2010, 0.0272911529673;
2011, 0.027943093944;
2012, 0.028562760615;
2013, 0.0293373439537;
2014, 0.030176475904;
