1988, 0.000942409728767;
1989, 0.00085849653374;
1990, 0.000748763894089;
1991, 0.000755218755245;
1992, 0.000781038199868;
1993, 0.000852041672584;
1994, 0.000852041672584;
1995, 0.000961774312235;
1996, 0.00102632292379;
1997, 0.000942409728767;
1998, 0.000974684034546;
1999, 0.000948864589923;
2000, 0.00102632292379;
2001, 0.00106505209073;
2002, 0.00104568750726;
2003, 0.00107150695189;
2004, 0.00103923264611;
2005, 0.00112960070229;
2006, 0.0011425104246;
2007, 0.00117478473038;
2008, 0.00120705903616;
2009, 0.00125869792541;
2010, 0.00119414931385;
2011, 0.00127160764772;
2012, 0.00137488542621;
2013, 0.00140070487084;
2014, 0.00149752778818;
