1988, 0.000916590284143;
1989, 0.000923045145299;
1990, 0.000942409728767;
1991, 0.00096822917339;
1992, 0.000981138895702;
1993, 0.00102632292379;
1994, 0.000987593756858;
1995, 0.000994048618014;
1996, 0.000987593756858;
1997, 0.00106505209073;
1998, 0.00105859722957;
1999, 0.00333716321762;
2000, 0.00332425349531;
2001, 0.00347271530189;
2002, 0.00371154516466;
2003, 0.00387937155472;
2004, 0.00406010766708;
2005, 0.00410529169518;
2006, 0.00420856947367;
2007, 0.00443448961413;
2008, 0.00453776739262;
2009, 0.0047895069777;
2010, 0.00474432294961;
2011, 0.00477659725539;
2012, 0.00482178128348;
2013, 0.00484760072811;
2014, 0.00509934031319;
