1988, 0.000632576393282;
1989, 0.000639031254438;
1990, 0.000574482642878;
1991, 0.000516388892475;
1992, 0.00044538541976;
1993, 0.000471204864383;
1994, 0.000477659725539;
1995, 0.000516388892475;
1996, 0.000516388892475;
1997, 0.000522843753631;
1998, 0.000529298614787;
1999, 0.000574482642878;
2000, 0.000574482642878;
2001, 0.00065194097675;
2002, 0.000664850699061;
2003, 0.000768128477556;
2004, 0.000800402783336;
2005, 0.000839131950272;
2006, 0.000845586811428;
2007, 0.000871406256051;
2008, 0.000877861117207;
2009, 0.000871406256051;
2010, 0.000903680561831;
2011, 0.000897225700675;
2012, 0.000897225700675;
2013, 0.00085849653374;
2014, 0.000871406256051;
