1988, 0.00193000348563;
1989, 0.0021236493203;
1990, 0.00208492015337;
1991, 0.00213010418146;
1992, 0.00216883334839;
1993, 0.00236247918307;
1994, 0.00242702779463;
1995, 0.0024463923781;
1996, 0.00240120835001;
1997, 0.00238184376654;
1998, 0.00245930210041;
1999, 0.00247866668388;
2000, 0.00242057293348;
2001, 0.00234956946076;
2002, 0.00245284723926;
2003, 0.00238184376654;
2004, 0.00227856598805;
2005, 0.0023431145996;
2006, 0.00239475348885;
2007, 0.00269813196318;
2008, 0.00258839932353;
2009, 0.00249157640619;
2010, 0.00259485418469;
2011, 0.00270458682434;
2012, 0.00291114238133;
2013, 0.00300796529867;
2014, 0.00313706252179;
