1988, 0.0235150591911;
1989, 0.0236506112754;
1990, 0.0234053265514;
1991, 0.023469875163;
1992, 0.0229793057151;
1993, 0.0222434515434;
1994, 0.0219852570971;
1995, 0.0216560591782;
1996, 0.0215334168162;
1997, 0.0212494029253;
1998, 0.0209782987568;
1999, 0.0209718438956;
2000, 0.0206039168097;
2001, 0.0203069931966;
2002, 0.0203005383354;
2003, 0.0205845522263;
2004, 0.0206361911155;
2005, 0.0208750209783;
2006, 0.0215075973716;
2007, 0.0221014445979;
2008, 0.0228437536309;
2009, 0.023179406411;
2010, 0.0237087050258;
2011, 0.0241863647513;
2012, 0.0247285730884;
2013, 0.0253417848982;
2014, 0.0256968022618;
