1988, 0.0172667535921;
1989, 0.0171441112302;
1990, 0.0167180903939;
1991, 0.0169052813674;
1992, 0.0166083577542;
1993, 0.0166019028931;
1994, 0.0162210660849;
1995, 0.0158983230271;
1996, 0.0153819341346;
1997, 0.0149559132983;
1998, 0.0140909619034;
1999, 0.0134712952324;
2000, 0.0128451737003;
2001, 0.0121996875847;
2002, 0.0117220278592;
2003, 0.0112120938279;
2004, 0.0110571771601;
2005, 0.0104633299338;
2006, 0.0105795174346;
2007, 0.0101986806264;
2008, 0.0101986806264;
2009, 0.0103987813222;
2010, 0.0102309549322;
2011, 0.0104181459057;
2012, 0.0107344341023;
2013, 0.0109668091039;
2014, 0.0111088160494;
