1988, 0.0297310904842;
1989, 0.0300344689586;
1990, 0.0305250384064;
1991, 0.0318805592492;
1992, 0.0335265488439;
1993, 0.0345012328785;
1994, 0.0356308335808;
1995, 0.0367668891442;
1996, 0.0379029447077;
1997, 0.0391422780496;
1998, 0.0404655245866;
1999, 0.0412723822311;
2000, 0.042427802378;
2001, 0.0430797433547;
2002, 0.0435380384968;
2003, 0.0443384412801;
2004, 0.0443384412801;
2005, 0.0448935593395;
2006, 0.044706368366;
2007, 0.0448806496172;
2008, 0.0449581079511;
2009, 0.0458101496237;
2010, 0.0467525593524;
2011, 0.0478305211655;
2012, 0.0479725281109;
2013, 0.0482307225572;
2014, 0.0492054065917;
