1988, 0.0163759827526;
1989, 0.0158402292767;
1990, 0.0152011980222;
1991, 0.0146008959347;
1992, 0.014155510515;
1993, 0.013948954958;
1994, 0.0138908612076;
1995, 0.0135616632886;
1996, 0.0136068473167;
1997, 0.0133228334259;
1998, 0.0135293889828;
1999, 0.0132131007862;
2000, 0.0131550070358;
2001, 0.0134454757878;
2002, 0.0136262119002;
2003, 0.0137359445398;
2004, 0.0137553091233;
2005, 0.0142716980158;
2006, 0.0143362466273;
2007, 0.0146848091298;
2008, 0.0147170834355;
2009, 0.0149946424652;
2010, 0.0152592917726;
2011, 0.0153302952453;
2012, 0.0152722014949;
2013, 0.0152141077445;
2014, 0.0150979202437;
