1988, 0.0112443681336;
1989, 0.0121157743897;
1990, 0.0131420973135;
1991, 0.0141038716257;
1992, 0.0150721007991;
1993, 0.0159951459444;
1994, 0.0167439098385;
1995, 0.0175120383161;
1996, 0.0184157188779;
1997, 0.0187190973522;
1998, 0.0190160209654;
1999, 0.0197389654149;
2000, 0.0196937813868;
2001, 0.0201133473619;
2002, 0.020655555699;
2003, 0.0206232813932;
2004, 0.020449000142;
2005, 0.0201972605569;
2006, 0.0196356876364;
2007, 0.0192290313835;
2008, 0.0186545487407;
2009, 0.0178025070681;
2010, 0.0168988265062;
2011, 0.0164857153923;
2012, 0.0158595938601;
2013, 0.0150398264933;
2014, 0.0144201598224;
