1988, 0.00968874659506;
1989, 0.010101857709;
1990, 0.010637611185;
1991, 0.0102696840991;
1992, 0.0105730625734;
1993, 0.0109538993816;
1994, 0.010844166742;
1995, 0.0111733646609;
1996, 0.0113476459121;
1997, 0.0115412917468;
1998, 0.0116187500807;
1999, 0.0115025625799;
2000, 0.0114638334129;
2001, 0.0118317604988;
2002, 0.0120318611947;
2003, 0.0120189514724;
2004, 0.0124062431417;
2005, 0.0127354410607;
2006, 0.01312273273;
2007, 0.0137617639845;
2008, 0.0143039723216;
2009, 0.0144653438505;
2010, 0.0147235382967;
2011, 0.0148526355198;
2012, 0.0150785556603;
2013, 0.0153496598288;
2014, 0.0153883889958;
