1991, 0.0128387188392;
1992, 0.0133099237035;
1993, 0.0134842049548;
1994, 0.0142265139877;
1995, 0.0145557119066;
1996, 0.0149300938537;
1997, 0.0160726042783;
1998, 0.0166858160881;
1999, 0.0169762848401;
2000, 0.0176024063722;
2001, 0.0178993299854;
2002, 0.0178928751243;
2003, 0.0180284272085;
2004, 0.0178283265127;
2005, 0.0179896980416;
2006, 0.0183318056829;
2007, 0.0179961529028;
2008, 0.0179122397077;
2009, 0.0176411355392;
2010, 0.0175894966499;
2011, 0.017841236235;
2012, 0.0180929758201;
2013, 0.0181381598482;
2014, 0.0181252501259;
