1989, 0.010805437575;
1990, 0.0108248021585;
1991, 0.0111088160494;
1992, 0.0112379132725;
1993, 0.011425104246;
1994, 0.0114831979964;
1995, 0.0115864757749;
1996, 0.0116574792476;
1997, 0.0116962084146;
1998, 0.0119156736939;
1999, 0.0122190521682;
2000, 0.0125353403648;
2001, 0.0126644375879;
2002, 0.0130452743961;
2003, 0.0133809271763;
2004, 0.0136455764836;
2005, 0.0140199584307;
2006, 0.0144847084339;
2007, 0.0151689237165;
2008, 0.0154271181627;
2009, 0.0160726042783;
2010, 0.016266250113;
2011, 0.0168020035889;
2012, 0.0168794619228;
2013, 0.0173958508152;
2014, 0.0182156181821;
