1988, 0.020571642504;
1989, 0.020449000142;
1990, 0.0201391668065;
1991, 0.0205522779205;
1992, 0.020778198061;
1993, 0.0209589341733;
1994, 0.0209331147287;
1995, 0.0207201043106;
1996, 0.0206232813932;
1997, 0.0207330140329;
1998, 0.0208233820891;
1999, 0.0208943855618;
2000, 0.0211783994526;
2001, 0.020655555699;
2002, 0.0205070938924;
2003, 0.0204231806974;
2004, 0.0198486980545;
2005, 0.0196098681917;
2006, 0.0196098681917;
2007, 0.0195646841636;
2008, 0.019868062638;
2009, 0.0203392675024;
2010, 0.0205651876428;
2011, 0.0205780973651;
2012, 0.020655555699;
2013, 0.0207201043106;
2014, 0.0210815765353;
