1988, 0.0218174307071;
1989, 0.0220368959864;
1990, 0.0223660939053;
1991, 0.0223273647384;
1992, 0.0221595383483;
1993, 0.0226759272408;
1994, 0.0225081008508;
1995, 0.0224693716838;
1996, 0.0222757258491;
1997, 0.0247285730884;
1998, 0.0248124862834;
1999, 0.0253159654536;
2000, 0.0258452640684;
2001, 0.0263229237939;
2002, 0.0270523231045;
2003, 0.0277042640813;
2004, 0.0286531286712;
2005, 0.0299053717355;
2006, 0.0310543370212;
2007, 0.0332167155084;
2008, 0.0349207988536;
2009, 0.0365409690038;
2010, 0.0374898335937;
2011, 0.0382708717935;
2012, 0.0388969933257;
2013, 0.0393940176347;
2014, 0.0398264933321;
