1988, 0.00856560075393;
1989, 0.00846877783659;
1990, 0.00819767366804;
1991, 0.00799111811105;
1992, 0.00800402783336;
1993, 0.00821058339035;
1994, 0.00813312505648;
1995, 0.00837195491925;
1996, 0.0085849653374;
1997, 0.00852687158699;
1998, 0.00862369450433;
1999, 0.00873342714398;
2000, 0.00872697228283;
2001, 0.00879797575554;
2002, 0.00853332644815;
2003, 0.00844295839196;
2004, 0.00843004866965;
2005, 0.00830095144653;
2006, 0.00834613547463;
2007, 0.00808794102839;
2008, 0.00802339241683;
2009, 0.00787493061024;
2010, 0.00759737158054;
2011, 0.00722298963349;
2012, 0.00708743754922;
2013, 0.00690670143685;
2014, 0.00669369101871;
