1988, 0.0146202605182;
1989, 0.0156594931643;
1990, 0.0167116355327;
1991, 0.0176798647061;
1992, 0.0188094654084;
1993, 0.0195195001356;
1994, 0.0205458230593;
1995, 0.0212945869534;
1996, 0.0219917119583;
1997, 0.0228695730755;
1998, 0.023553788358;
1999, 0.0248899446173;
2000, 0.025787170318;
2001, 0.0266004828236;
2002, 0.0269167710203;
2003, 0.0282529272795;
2004, 0.0291695175637;
2005, 0.0296084481223;
2006, 0.0306347710461;
2007, 0.0315126321633;
2008, 0.0323775835582;
2009, 0.033074708563;
2010, 0.034191399543;
2011, 0.0354565523296;
2012, 0.0360310349724;
2013, 0.0364893301145;
2014, 0.0372251842863;
