1988, 0.0133744723151;
1989, 0.0136003924556;
1990, 0.0140393230142;
1991, 0.014529892462;
1992, 0.0144588889893;
1993, 0.0142781528769;
1994, 0.0143878855166;
1995, 0.0149559132983;
1996, 0.0154077535792;
1997, 0.01552394108;
1998, 0.0163566181691;
1999, 0.0163759827526;
2000, 0.0163953473361;
2001, 0.017221569564;
2002, 0.0181639792928;
2003, 0.0185835452679;
2004, 0.0191451181885;
2005, 0.0197196008314;
2006, 0.0206297362544;
2007, 0.0214107744542;
2008, 0.0223467293219;
2009, 0.0231664966887;
2010, 0.0241476355844;
2011, 0.0248447605892;
2012, 0.0259743612915;
2013, 0.0268134932418;
2014, 0.0272524238004;
