1988, 0.00518970836937;
1989, 0.00517679864706;
1990, 0.00529298614787;
1991, 0.00542853823214;
1992, 0.00545435767677;
1993, 0.00555763545526;
1994, 0.00536398962058;
1995, 0.00538335420405;
1996, 0.00546726739908;
1997, 0.00532526045365;
1998, 0.00542208337099;
1999, 0.00535753475943;
2000, 0.00548663198255;
2001, 0.00572546184532;
2002, 0.0055963646222;
2003, 0.00564154865029;
2004, 0.00582228476265;
2005, 0.0060352951808;
2006, 0.00600947573618;
2007, 0.00602238545849;
2008, 0.00624185073779;
2009, 0.0065194097675;
2010, 0.0067388750468;
2011, 0.00684215282529;
2012, 0.00714553129962;
2013, 0.00748118407973;
2014, 0.00757800699707;
