1988, 0.00297569099289;
1989, 0.00309833335485;
1990, 0.00321452085566;
1991, 0.00337589238455;
1992, 0.00382127780431;
1993, 0.00408592711171;
1994, 0.00433121183563;
1995, 0.00482178128348;
1996, 0.00508643059088;
1997, 0.00550599656601;
1998, 0.00577064587341;
1999, 0.0064742257394;
2000, 0.00699706949304;
2001, 0.0073391771343;
2002, 0.00751991324667;
2003, 0.00792011463833;
2004, 0.00832677089116;
2005, 0.00863014936549;
2006, 0.00907553478525;
2007, 0.00941118756536;
2008, 0.00972102090084;
2009, 0.00972102090084;
2010, 0.00976620492893;
2011, 0.00991466673552;
2012, 0.0101986806264;
2013, 0.0104891493784;
2014, 0.0105859722957;
