1988, 0.000161371528898;
1989, 0.000122642361963;
1990, 0.000109732639651;
1991, 0.000154916667742;
1992, 0.000161371528898;
1993, 0.000232375001614;
1994, 0.000258194446237;
1995, 0.000284013890861;
1996, 0.000264649307393;
1997, 0.000271104168549;
1998, 0.000290468752017;
1999, 0.000342107641265;
2000, 0.000374381947044;
2001, 0.00044538541976;
2002, 0.000516388892475;
2003, 0.000471204864383;
2004, 0.000503479170163;
2005, 0.000477659725539;
2006, 0.00058739236519;
2007, 0.000613211809814;
2008, 0.000626121532126;
2009, 0.000645486115594;
2010, 0.000600302087502;
2011, 0.000600302087502;
2012, 0.000716489588309;
2013, 0.000781038199868;
2014, 0.00096822917339;
