1988, 0.0766321116433;
1989, 0.0744955526007;
1990, 0.0709389241037;
1991, 0.0684925317256;
1992, 0.0665173442119;
1993, 0.0651295490634;
1994, 0.0644130594751;
1995, 0.0645163372536;
1996, 0.064987542118;
1997, 0.0662010560153;
1998, 0.0673758407457;
1999, 0.0678664101935;
2000, 0.0686345386711;
2001, 0.0689766463123;
2002, 0.0692671150644;
2003, 0.0696544067337;
2004, 0.0695253095106;
2005, 0.0699642400692;
2006, 0.0697964136791;
2007, 0.0697705942345;
2008, 0.0696544067337;
2009, 0.0698609622907;
2010, 0.0697125004841;
2011, 0.0693962122875;
2012, 0.0691509275635;
2013, 0.0696221324279;
2014, 0.0800596429171;
