1988, 0.0484372781141;
1989, 0.0475723267193;
1990, 0.0470882121326;
1991, 0.0467009204632;
1992, 0.0470042989375;
1993, 0.0466234621293;
1994, 0.0465976426847;
1995, 0.0472495836615;
1996, 0.0483533649191;
1997, 0.0494958753437;
1998, 0.0508643059088;
1999, 0.0530783232853;
2000, 0.054930868437;
2001, 0.0569835142846;
2002, 0.0587327816579;
2003, 0.0611662643137;
2004, 0.062670246963;
2005, 0.063251184467;
2006, 0.0635739275248;
2007, 0.0635093789133;
2008, 0.0638579414157;
2009, 0.0644001497528;
2010, 0.0640580421115;
2011, 0.0642710525297;
2012, 0.0638966705826;
2013, 0.0633480073844;
2014, 0.0627025212688;
