1988, 0.0110249028543;
1989, 0.0104568750726;
1990, 0.010308413266;
1991, 0.00987593756858;
1992, 0.00957901395541;
1993, 0.0093466389538;
1994, 0.0092433611753;
1995, 0.0093466389538;
1996, 0.00917235770259;
1997, 0.00904326047947;
1998, 0.00906907992409;
1999, 0.00903680561831;
2000, 0.00893352783982;
2001, 0.00910135422987;
2002, 0.00921108686952;
2003, 0.00932081950917;
2004, 0.00954028478847;
2005, 0.00943700700998;
2006, 0.00948864589923;
2007, 0.00954028478847;
2008, 0.00950801048269;
2009, 0.00954673964963;
2010, 0.00937891325958;
2011, 0.00928854520339;
2012, 0.00926918061992;
2013, 0.00943055214882;
2014, 0.00934018409264;
