1988, 0.0144588889893;
1989, 0.0150204619099;
1990, 0.0154916667742;
1991, 0.0162533403906;
1992, 0.0165954480319;
1993, 0.017137656369;
1994, 0.0175894966499;
1995, 0.0178347813739;
1996, 0.0184673577671;
1997, 0.0188546494365;
1998, 0.0184092640167;
1999, 0.0184544480448;
2000, 0.0188481945753;
2001, 0.0191192987439;
2002, 0.0189837466596;
2003, 0.0184286286002;
2004, 0.0180219723474;
2005, 0.0178993299854;
2006, 0.01775732304;
2007, 0.0172022049806;
2008, 0.0175120383161;
2009, 0.0176153160946;
2010, 0.0174216702599;
2011, 0.0173054827591;
2012, 0.017137656369;
2013, 0.0169827397013;
2014, 0.0166858160881;
