1988, 0.0118898542492;
1989, 0.0121480486955;
1990, 0.0124707917533;
1991, 0.0126838021714;
1992, 0.0130000903681;
1993, 0.0133421980093;
1994, 0.0138779514853;
1995, 0.0144201598224;
1996, 0.015026916771;
1997, 0.0181639792928;
1998, 0.019454951524;
1999, 0.0205974619486;
2000, 0.0215205070939;
2001, 0.0222563612657;
2002, 0.0230115800209;
2003, 0.0236054272473;
2004, 0.0242380036405;
2005, 0.0246833890603;
2006, 0.0246833890603;
2007, 0.0243541911413;
2008, 0.0241863647513;
2009, 0.0240249932224;
2010, 0.0241799098901;
2011, 0.0238184376654;
2012, 0.0237216147481;
2013, 0.0234892397465;
2014, 0.0232375001614;
