1988, 0.00506706600741;
1989, 0.00486051045042;
1990, 0.00481532642233;
1991, 0.00477014239424;
1992, 0.00504770142394;
1993, 0.005215527814;
1994, 0.00553827087179;
1995, 0.00557700003873;
1996, 0.00562218406682;
1997, 0.00582228476265;
1998, 0.0058739236519;
1999, 0.00604820490311;
2000, 0.00597074656924;
2001, 0.00599656601387;
2002, 0.00595138198577;
2003, 0.00582228476265;
2004, 0.00568027781722;
2005, 0.00584810420728;
2006, 0.0057577361511;
2007, 0.00575128128994;
2008, 0.00561572920566;
2009, 0.00546081253792;
2010, 0.0052736215644;
2011, 0.00511870489666;
2012, 0.00498315281238;
2013, 0.00462813544881;
2014, 0.00431184725217;
