1988, 0.0141232362092;
1989, 0.0139683195414;
1990, 0.0142975174604;
1991, 0.0145363473232;
1992, 0.0146654445463;
1993, 0.0147106285744;
1994, 0.0151818334388;
1995, 0.0157240417759;
1996, 0.0158725035824;
1997, 0.0156207639974;
1998, 0.0343721356554;
1999, 0.0342043092653;
2000, 0.0346690592685;
2001, 0.0352048127445;
2002, 0.0351208995495;
2003, 0.0347981564917;
2004, 0.0342430384322;
2005, 0.0326486877267;
2006, 0.0311511599385;
2007, 0.0301183821536;
2008, 0.0287951356166;
2009, 0.0273815210235;
2010, 0.0260840939311;
2011, 0.024838305728;
2012, 0.0236893404423;
2013, 0.0225468300177;
2014, 0.0220949897368;
