1988, 0.0679180490828;
1989, 0.0682795213075;
1990, 0.0700739727088;
1991, 0.0715844102193;
1992, 0.072358993558;
1993, 0.0741921741263;
1994, 0.0760899033062;
1995, 0.0782070977653;
1996, 0.0788332192975;
1997, 0.0787105769355;
1998, 0.0792140561057;
1999, 0.0796336220808;
2000, 0.0799047262493;
2001, 0.0795819831915;
2002, 0.0794851602742;
2003, 0.0774583338712;
2004, 0.075295955384;
2005, 0.0736370560669;
2006, 0.0720814345283;
2007, 0.0699255109023;
2008, 0.069170292147;
2009, 0.0685699900595;
2010, 0.0672144692168;
2011, 0.0659299518467;
2012, 0.064742257394;
2013, 0.063541653219;
2014, 0.0850040665625;
