1988, 0.0456423232336;
1989, 0.0483598197803;
1990, 0.0515678857748;
1991, 0.05472431288;
1992, 0.0561960212236;
1993, 0.0580937504034;
1994, 0.0598430177767;
1995, 0.0598688372213;
1996, 0.0593718129123;
1997, 0.0586617781852;
1998, 0.0589135177702;
1999, 0.0591781670776;
2000, 0.0599979344444;
2001, 0.0615664657053;
2002, 0.0614244587599;
2003, 0.0612566323698;
2004, 0.0611598094525;
2005, 0.0614954622326;
2006, 0.0616568337615;
2007, 0.0604175004196;
2008, 0.0596106427751;
2009, 0.0581970281819;
2010, 0.0572675281755;
2011, 0.055550535108;
2012, 0.0539045455132;
2013, 0.0530976878687;
2014, 0.0517292573037;
