1988, 0.000264649307393;
1989, 0.000284013890861;
1990, 0.000348562502421;
1991, 0.000342107641265;
1992, 0.000342107641265;
1993, 0.000367927085888;
1994, 0.000406656252824;
1995, 0.000387291669356;
1996, 0.000497024309007;
1997, 0.000509934031319;
1998, 0.000613211809814;
1999, 0.000664850699061;
2000, 0.000645486115594;
2001, 0.000626121532126;
2002, 0.000671305560217;
2003, 0.000716489588309;
2004, 0.000742309032933;
2005, 0.000781038199868;
2006, 0.000787493061024;
2007, 0.00082622222796;
2008, 0.000819767366804;
2009, 0.000703579865997;
2010, 0.000800402783336;
2011, 0.00100050347917;
2012, 0.00107796181304;
2013, 0.00111669097998;
2014, 0.00114896528576;
