1988, 0.030092562709;
1989, 0.0297569099289;
1990, 0.0293825279818;
1991, 0.0293567085372;
1992, 0.0294212571488;
1993, 0.0298601877074;
1994, 0.0304798543783;
1995, 0.0308413266031;
1996, 0.0311059759105;
1997, 0.0314028995236;
1998, 0.0312286182724;
1999, 0.0313125314674;
2000, 0.0322097571681;
2001, 0.0323453092524;
2002, 0.0321516634177;
2003, 0.0317772814707;
2004, 0.0315319967467;
2005, 0.0306993196576;
2006, 0.0301119272924;
2007, 0.0292405210364;
2008, 0.027691354359;
2009, 0.0263229237939;
2010, 0.0251352293412;
2011, 0.0238958959993;
2012, 0.0227404758524;
2013, 0.0221918126541;
2014, 0.0215140522327;
