1988, 0.0297569099289;
1989, 0.0303959411833;
1990, 0.0306412259072;
1991, 0.0334103613431;
1992, 0.0335652780109;
1993, 0.0336233717613;
1994, 0.0342172189876;
1995, 0.0335136391216;
1996, 0.0340493925976;
1997, 0.0338492919017;
1998, 0.0330424342572;
1999, 0.0334684550935;
2000, 0.0335071842605;
2001, 0.0334813648158;
2002, 0.033610462039;
2003, 0.0335975523166;
2004, 0.0331328023134;
2005, 0.0326164134209;
2006, 0.0325712293929;
2007, 0.0379804030415;
2008, 0.0376189308168;
2009, 0.0372251842863;
2010, 0.0369798995624;
2011, 0.0370250835905;
2012, 0.0369992641458;
2013, 0.0369798995624;
2014, 0.0368249828946;
