1988, 0.0125288855037;
1989, 0.0123158750855;
1990, 0.0122319618905;
1991, 0.0123481493913;
1992, 0.0121480486955;
1993, 0.0120576806393;
1994, 0.0118963091104;
1995, 0.0114444688295;
1996, 0.0110571771601;
1997, 0.011050722299;
1998, 0.0118123959154;
1999, 0.0124320625863;
2000, 0.0133615625928;
2001, 0.0135681181498;
2002, 0.0135745730109;
2003, 0.0132324653697;
2004, 0.012625708421;
2005, 0.0122448716128;
2006, 0.0117865764707;
2007, 0.0109538993816;
2008, 0.0102890486826;
2009, 0.00999857993055;
2010, 0.0094628264546;
2011, 0.00879797575554;
2012, 0.00848814242006;
2013, 0.00831386116885;
2014, 0.0081589445011;
