1988, 0.00116832986922;
1989, 0.00187190973522;
1990, 0.00237538890538;
1991, 0.00279495488052;
1992, 0.00337589238455;
1993, 0.00412465627864;
1994, 0.0047895069777;
1995, 0.00509288545203;
1996, 0.00533817017596;
1997, 0.00566091323376;
1998, 0.00571900698416;
1999, 0.0059772014304;
2000, 0.00622248615432;
2001, 0.00629348962704;
2002, 0.00642904171131;
2003, 0.00655813893443;
2004, 0.00684215282529;
2005, 0.00711325699384;
2006, 0.00736499657892;
2007, 0.00800402783336;
2008, 0.00872697228283;
2009, 0.00963065284466;
2010, 0.00981784381818;
2011, 0.0103923264611;
2012, 0.0107086146577;
2013, 0.0111475452163;
2014, 0.0117091181369;
