1988, 0.00020655555699;
1989, 0.000251739585082;
1990, 0.000284013890861;
1991, 0.000290468752017;
1992, 0.000335652780109;
1993, 0.000400201391668;
1994, 0.000387291669356;
1995, 0.000438930558604;
1996, 0.000393746530512;
1997, 0.000400201391668;
1998, 0.000374381947044;
1999, 0.000355017363577;
2000, 0.000355017363577;
2001, 0.000348562502421;
2002, 0.000361472224732;
2003, 0.000348562502421;
2004, 0.000400201391668;
2005, 0.000367927085888;
2006, 0.00041311111398;
2007, 0.000393746530512;
2008, 0.00041311111398;
2009, 0.000432475697448;
2010, 0.000497024309007;
2011, 0.000561572920566;
2012, 0.000580937504034;
2013, 0.000606756948658;
2014, 0.000729399310621;
