1988, 0.00751991324667;
1989, 0.00707452782691;
1990, 0.00710034727153;
1991, 0.00709389241037;
1992, 0.00720362505003;
1993, 0.00705516324344;
1994, 0.00704870838228;
1995, 0.00710034727153;
1996, 0.00737145144008;
1997, 0.00757155213591;
1998, 0.00774583338712;
1999, 0.00766837505325;
2000, 0.00775228824828;
2001, 0.00795238894411;
2002, 0.00782974658215;
2003, 0.00759091671938;
2004, 0.00743600005164;
2005, 0.00704870838228;
2006, 0.00688733685338;
2007, 0.00688088199223;
2008, 0.00646777087825;
2009, 0.00633221879397;
2010, 0.00610629865352;
2011, 0.00611920837583;
2012, 0.00584810420728;
2013, 0.00556409031642;
2014, 0.00516388892475;
