1988, 0.0125547049483;
1989, 0.0125095209202;
1990, 0.0121932327236;
1991, 0.0122706910574;
1992, 0.0124449723086;
1993, 0.0125224306425;
1994, 0.0127999896722;
1995, 0.0130130000904;
1996, 0.013038819535;
1997, 0.0138521320406;
1998, 0.0143039723216;
1999, 0.0145557119066;
2000, 0.0151947431611;
2001, 0.0154271181627;
2002, 0.015646583442;
2003, 0.0162210660849;
2004, 0.0161823369179;
2005, 0.0244897432256;
2006, 0.024838305728;
2007, 0.0247092085049;
2008, 0.0247092085049;
2009, 0.0247608473942;
2010, 0.0249544932289;
2011, 0.0253417848982;
2012, 0.026038909903;
2013, 0.026284194627;
2014, 0.0267747640748;
