1988, 0.0193904029124;
1989, 0.0190547501323;
1990, 0.0189385626315;
1991, 0.0185254515175;
1992, 0.0178993299854;
1993, 0.0175443126218;
1994, 0.0178218716515;
1995, 0.0176863195673;
1996, 0.0179186945689;
1997, 0.0181252501259;
1998, 0.0191903022166;
1999, 0.0203779966693;
2000, 0.0214753230658;
2001, 0.023179406411;
2002, 0.0244445591975;
2003, 0.0259227224022;
2004, 0.0266521217129;
2005, 0.0272201494946;
2006, 0.0278269064432;
2007, 0.0285950349208;
2008, 0.0287564064497;
2009, 0.0289629620067;
2010, 0.0296278127057;
2011, 0.0298085488181;
2012, 0.030092562709;
2013, 0.0304217606279;
2014, 0.0306864099353;
