1988, 0.00202037154181;
1989, 0.00205910070874;
1990, 0.00209137501452;
1991, 0.0021236493203;
1992, 0.0021236493203;
1993, 0.00258839932353;
1994, 0.00253676043428;
1995, 0.00255612501775;
1996, 0.00265940279625;
1997, 0.00271749654665;
1998, 0.0027691354359;
1999, 0.00279495488052;
2000, 0.00287241321439;
2001, 0.00293696182595;
2002, 0.00307251391023;
2003, 0.00309833335485;
2004, 0.00320161113334;
2005, 0.00329843405068;
2006, 0.00339525696802;
2007, 0.00378900349853;
2008, 0.00401492363899;
2009, 0.00420211461251;
2010, 0.00438930558604;
2011, 0.0044086701695;
2012, 0.00447967364222;
2013, 0.00449258336453;
2014, 0.00462168058765;
