1988, 0.0265294793509;
1989, 0.0262131911543;
1990, 0.0257032571229;
1991, 0.0254837918436;
1992, 0.0254256980932;
1993, 0.0256128890668;
1994, 0.025580614761;
1995, 0.0254450626767;
1996, 0.025457972399;
1997, 0.0253546946205;
1998, 0.0250965001743;
1999, 0.0253546946205;
2000, 0.0252062328139;
2001, 0.0251933230916;
2002, 0.0252772362866;
2003, 0.025580614761;
2004, 0.02607763907;
2005, 0.0263229237939;
2006, 0.026038909903;
2007, 0.0253030557313;
2008, 0.0251481390635;
2009, 0.0249351286454;
2010, 0.0248189411446;
2011, 0.024341281419;
2012, 0.0239410800274;
2013, 0.0230244897432;
2014, 0.0224822814061;
