1988, 0.00531880559249;
1989, 0.00551245142717;
1990, 0.00575128128994;
1991, 0.00589328823537;
1992, 0.00601593059733;
1993, 0.00593201740231;
1994, 0.00608047920889;
1995, 0.0062547604601;
1996, 0.00631930907166;
1997, 0.0064742257394;
1998, 0.00652586462865;
1999, 0.00675823963027;
2000, 0.00692606602032;
2001, 0.00686797226992;
2002, 0.00700352435419;
2003, 0.0070164340765;
2004, 0.0071778056054;
2005, 0.00715844102193;
2006, 0.0072810833839;
2007, 0.00767482991441;
2008, 0.00786847574909;
2009, 0.00835259033578;
2010, 0.00859787505971;
2011, 0.00873342714398;
2012, 0.00883025006132;
2013, 0.0092433611753;
2014, 0.00925627089761;
