1988, 0.0308219620196;
1989, 0.0307703231303;
1990, 0.0306799550742;
1991, 0.0301119272924;
1992, 0.0298666425685;
1993, 0.030299118266;
1994, 0.0294083474264;
1995, 0.0293825279818;
1996, 0.0286402189489;
1997, 0.0284336633919;
1998, 0.027484798802;
1999, 0.0266456668517;
2000, 0.0257097119841;
2001, 0.0250577710073;
2002, 0.0239991737778;
2003, 0.0230438543267;
2004, 0.0222628161268;
2005, 0.0214365938989;
2006, 0.0207136494494;
2007, 0.0199842501388;
2008, 0.0197906043041;
2009, 0.019622777914;
2010, 0.0194678612463;
2011, 0.0200681633338;
2012, 0.0199842501388;
2013, 0.0204812744478;
2014, 0.0205780973651;
