1988, 0.00400201391668;
1989, 0.00400846877784;
1990, 0.00411174655633;
1991, 0.00414402086211;
1992, 0.0040730173894;
1993, 0.00415693058442;
1994, 0.00424729864061;
1995, 0.00423438891829;
1996, 0.00426020836292;
1997, 0.0043505764191;
1998, 0.00430539239101;
1999, 0.00434412155795;
2000, 0.00453131253147;
2001, 0.00470559378268;
2002, 0.00501542711816;
2003, 0.00502188197932;
2004, 0.00517034378591;
2005, 0.00551890628833;
2006, 0.00582873962381;
2007, 0.00591265281884;
2008, 0.00600947573618;
2009, 0.00623539587663;
2010, 0.00642258685016;
2011, 0.00665496185177;
2012, 0.00691315629801;
2013, 0.00704225352113;
2014, 0.00727462852274;
