1988, 0.0320096564723;
1989, 0.0306541356295;
1990, 0.0290662397852;
1991, 0.0277171738036;
1992, 0.0267553994914;
1993, 0.0258517189295;
1994, 0.0250384064239;
1995, 0.0244574689198;
1996, 0.0237345244704;
1997, 0.0234117814126;
1998, 0.023431145996;
1999, 0.0234440557184;
2000, 0.0237667987762;
2001, 0.0238055279431;
2002, 0.0238636216935;
2003, 0.0242831876686;
2004, 0.024341281419;
2005, 0.024547836976;
2006, 0.0247479376719;
2007, 0.024380010586;
2008, 0.0242702779463;
2009, 0.024089541834;
2010, 0.0241992744736;
2011, 0.0239798091943;
2012, 0.0237345244704;
2013, 0.0241670001678;
2014, 0.0242831876686;
