1988, 0.00232375001614;
1989, 0.00235602432192;
1990, 0.00251094098966;
1991, 0.00258194446237;
1992, 0.0026658576574;
1993, 0.00267231251856;
1994, 0.00286595835324;
1995, 0.00289177779786;
1996, 0.00289823265902;
1997, 0.00302732988213;
1998, 0.00311124307716;
1999, 0.00317579168872;
2000, 0.003311343773;
2001, 0.00350498960767;
2002, 0.00371154516466;
2003, 0.00389228127703;
2004, 0.00416338544558;
2005, 0.00452485767031;
2006, 0.00480887156117;
2007, 0.00507997572972;
2008, 0.00524780211978;
2009, 0.00550599656601;
2010, 0.0059772014304;
2011, 0.00628057990473;
2012, 0.00676469449142;
2013, 0.00709389241037;
2014, 0.00751991324667;
