1988, 0.0202037154181;
1989, 0.019622777914;
1990, 0.0196098681917;
1991, 0.0191903022166;
1992, 0.018544816101;
1993, 0.0178864202631;
1994, 0.0173054827591;
1995, 0.017137656369;
1996, 0.0164986251146;
1997, 0.0162856146964;
1998, 0.0159305973329;
1999, 0.0153432049677;
2000, 0.0148913646867;
2001, 0.0145621667678;
2002, 0.0145105278785;
2003, 0.0148139063529;
2004, 0.0157563160816;
2005, 0.0160726042783;
2006, 0.0159628716386;
2007, 0.0161113334452;
2008, 0.0153496598288;
2009, 0.0170343785905;
2010, 0.0186997327687;
2011, 0.0198164237487;
2012, 0.0207007397271;
2013, 0.0208685661171;
2014, 0.0206813751436;
