1988, 0.0135422987052;
1989, 0.0156594931643;
1990, 0.0178154167904;
1991, 0.0198874272214;
1992, 0.0224693716838;
1993, 0.025290146009;
1994, 0.0282529272795;
1995, 0.0306476807684;
1996, 0.0331328023134;
1997, 0.0356243787196;
1998, 0.038374149572;
1999, 0.041020642646;
2000, 0.043092653077;
2001, 0.0465718232401;
2002, 0.0495991531222;
2003, 0.0530589587018;
2004, 0.0543305663495;
2005, 0.0550470559378;
2006, 0.0556473580253;
2007, 0.0554214378849;
2008, 0.0546791288519;
2009, 0.0541175559314;
2010, 0.0536398962058;
2011, 0.0528846774506;
2012, 0.0524651114755;
2013, 0.0515549760525;
2014, 0.0508707607699;
