1988, 0.00659041324021;
1989, 0.00691315629801;
1990, 0.00719717018887;
1991, 0.00737790630124;
1992, 0.00779747227637;
1993, 0.00808794102839;
1994, 0.00821058339035;
1995, 0.00831386116885;
1996, 0.00861078478202;
1997, 0.00868178825473;
1998, 0.00865596881011;
1999, 0.00856560075393;
2000, 0.00871406256051;
2001, 0.00879797575554;
2002, 0.00925627089761;
2003, 0.00955964937194;
2004, 0.00997276048592;
2005, 0.0104116910445;
2006, 0.0106698854908;
2007, 0.0109022604924;
2008, 0.0112508229948;
2009, 0.0118317604988;
2010, 0.0122384167517;
2011, 0.0128258091168;
2012, 0.0128839028672;
2013, 0.0134325660655;
2014, 0.0210493022295;
