1988, 0.0013038819535;
1989, 0.00134906598159;
1990, 0.00149752778818;
1991, 0.00139425000968;
1992, 0.00153625695511;
1993, 0.00143943403777;
1994, 0.00151043751049;
1995, 0.00159435070552;
1996, 0.00165244445592;
1997, 0.00167826390054;
1998, 0.00183318056829;
1999, 0.001904184041;
2000, 0.00170408334517;
2001, 0.00187190973522;
2002, 0.00185900001291;
2003, 0.00213010418146;
2004, 0.00213010418146;
2005, 0.00216237848724;
2006, 0.00221401737649;
2007, 0.00226565626573;
2008, 0.00225920140458;
2009, 0.00224629168227;
2010, 0.00233020487729;
2011, 0.00254967015659;
2012, 0.00256257987891;
2013, 0.00267231251856;
2014, 0.00334361807878;
