1988, 0.0255677050387;
1989, 0.0261357328204;
1990, 0.0262648300435;
1991, 0.0270845974103;
1992, 0.0266004828236;
1993, 0.0264003821278;
1994, 0.0261486425427;
1995, 0.0249674029512;
1996, 0.0237409793315;
1997, 0.0223983682111;
1998, 0.0212623126477;
1999, 0.0202166251404;
2000, 0.0189062883257;
2001, 0.0180348820697;
2002, 0.0177960522069;
2003, 0.0167374549773;
2004, 0.0160080556667;
2005, 0.0158208646932;
2006, 0.0150850105214;
2007, 0.0152657466338;
2008, 0.0161500626122;
2009, 0.0164986251146;
2010, 0.0175636772053;
2011, 0.0178283265127;
2012, 0.0178735105408;
2013, 0.0181639792928;
2014, 0.0183059862382;
