1989, 0.00553827087179;
1990, 0.00544144795445;
1991, 0.0055963646222;
1992, 0.00579001045688;
1993, 0.00572546184532;
1994, 0.005712552123;
1995, 0.00588037851306;
1996, 0.00578355559572;
1997, 0.00582873962381;
1998, 0.00586746879075;
1999, 0.00567382295607;
2000, 0.00564154865029;
2001, 0.00589974309653;
2002, 0.00619021184854;
2003, 0.00646131601709;
2004, 0.00683569796414;
2005, 0.0069002465757;
2006, 0.00711325699384;
2007, 0.00700352435419;
2008, 0.00741663546817;
2009, 0.00746181949626;
2010, 0.00773937852597;
2011, 0.00776519797059;
2012, 0.00824285769613;
2013, 0.00848814242006;
2014, 0.00849459728121;
