1988, 0.0100308542363;
1989, 0.0100373090975;
1990, 0.0102374097933;
1991, 0.0100824931256;
1992, 0.0100954028479;
1993, 0.00983075354049;
1994, 0.00990175701321;
1995, 0.0101212222925;
1996, 0.010308413266;
1997, 0.0101922257652;
1998, 0.00995339590245;
1999, 0.010347142433;
2000, 0.0102438646545;
2001, 0.0101728611818;
2002, 0.0102180452098;
2003, 0.00990821187436;
2004, 0.00994048618014;
2005, 0.00969520145622;
2006, 0.00952737506616;
2007, 0.00941764242651;
2008, 0.00898516672906;
2009, 0.00848814242006;
2010, 0.00811376047301;
2011, 0.00777165283175;
2012, 0.00735208685661;
2013, 0.00731981255083;
2014, 0.0071778056054;
