1988, 0.00921108686952;
1989, 0.00949510076038;
1990, 0.00990175701321;
1991, 0.0101728611818;
1992, 0.0104568750726;
1993, 0.0106634306296;
1994, 0.0107473438246;
1995, 0.0107731632693;
1996, 0.0110959063271;
1997, 0.0110700868824;
1998, 0.0112443681336;
1999, 0.0112637327171;
2000, 0.0113734653568;
2001, 0.0111540000775;
2002, 0.0111088160494;
2003, 0.011011993132;
2004, 0.0110829966047;
2005, 0.0115800209138;
2006, 0.011715572998;
2007, 0.0120899549451;
2008, 0.0123546042525;
2009, 0.0128903577284;
2010, 0.0131808264804;
2011, 0.0135810278721;
2012, 0.0142781528769;
2013, 0.0151301945495;
2014, 0.0155303959412;
