1988, 0.0158079549709;
1989, 0.0159499619163;
1990, 0.0164792605311;
1991, 0.0168278230335;
1992, 0.0171828403971;
1993, 0.0178089619292;
1994, 0.018667458463;
1995, 0.019454951524;
1996, 0.0199003369438;
1997, 0.02127522237;
1998, 0.0223467293219;
1999, 0.023553788358;
2000, 0.0239733543331;
2001, 0.0244832883645;
2002, 0.0248641251727;
2003, 0.0254708821213;
2004, 0.0255999793444;
2005, 0.0257161668453;
2006, 0.0260711842088;
2007, 0.0255483404552;
2008, 0.0254837918436;
2009, 0.024838305728;
2010, 0.0251933230916;
2011, 0.025664527956;
2012, 0.0258323543461;
2013, 0.0260195453196;
2014, 0.0261744619873;
