1988, 0.00148461806587;
1989, 0.00144588889893;
1990, 0.00147816320471;
1991, 0.0016266250113;
1992, 0.0017428125121;
1993, 0.00178154167904;
1994, 0.00169762848401;
1995, 0.00188481945753;
1996, 0.00193645834678;
1997, 0.00204619098643;
1998, 0.00223983682111;
1999, 0.00230438543267;
2000, 0.00240120835001;
2001, 0.00243348265579;
2002, 0.00249157640619;
2003, 0.00258839932353;
2004, 0.00259485418469;
2005, 0.00285950349208;
2006, 0.00302732988213;
2007, 0.00331779863415;
2008, 0.00349207988536;
2009, 0.00356953821923;
2010, 0.00378254863738;
2011, 0.00410529169518;
2012, 0.00433766669679;
2013, 0.00458940628187;
2014, 0.00458295142071;
