1988, 0.00520261809168;
1989, 0.0054349930933;
1990, 0.00556409031642;
1991, 0.00571900698416;
1992, 0.00595783684693;
1993, 0.00628703476588;
1994, 0.00657104865674;
1995, 0.00643549657247;
1996, 0.00633221879397;
1997, 0.00632576393282;
1998, 0.00594492712462;
1999, 0.00560927434451;
2000, 0.00518970836937;
2001, 0.00491214933967;
2002, 0.00477014239424;
2003, 0.0044538541976;
2004, 0.00420856947367;
2005, 0.00401492363899;
2006, 0.00385355211009;
2007, 0.00371800002582;
2008, 0.00373736460929;
2009, 0.00371800002582;
2010, 0.00371154516466;
2011, 0.00370509030351;
2012, 0.00364054169195;
2013, 0.00383418752663;
2014, 0.00409238197286;
