1988, 0.0214946876493;
1989, 0.0225855591846;
1990, 0.0237151598869;
1991, 0.0245607466983;
1992, 0.0250900453131;
1993, 0.0258646286518;
1994, 0.0264326564336;
1995, 0.0267683092137;
1996, 0.0272524238004;
1997, 0.0266779411575;
1998, 0.0268586772699;
1999, 0.0266779411575;
2000, 0.0266069376848;
2001, 0.0263293786551;
2002, 0.0264584758782;
2003, 0.0263874724055;
2004, 0.0261809168485;
2005, 0.0258775383741;
2006, 0.0256580730948;
2007, 0.0253611494817;
2008, 0.0252062328139;
2009, 0.0248124862834;
2010, 0.0246317501711;
2011, 0.0245672015595;
2012, 0.0241411807232;
2013, 0.0236699758588;
2014, 0.0229922154374;
