1988, 0.0636320212752;
1989, 0.0617020177896;
1990, 0.058777965686;
1991, 0.0564993996979;
1992, 0.0537625385678;
1993, 0.0520455455003;
1994, 0.0508126670195;
1995, 0.0495733336776;
1996, 0.0488762086728;
1997, 0.0486696531158;
1998, 0.0485341010315;
1999, 0.0484501878365;
2000, 0.0488697538116;
2001, 0.0496701565949;
2002, 0.0504318302113;
2003, 0.051329055912;
2004, 0.0525232052259;
2005, 0.0524844760589;
2006, 0.0523166496689;
2007, 0.0519939066111;
2008, 0.0518712642491;
2009, 0.0514065142459;
2010, 0.051412969107;
2011, 0.0510708614658;
2012, 0.0502962781271;
2013, 0.0501026322924;
2014, 0.0494442364545;
