1988, 0.00351144446883;
1989, 0.00386646183241;
1990, 0.00408592711171;
1991, 0.00431184725217;
1992, 0.00462168058765;
1993, 0.00472495836615;
1994, 0.0049508785066;
1995, 0.00509288545203;
1996, 0.0054349930933;
1997, 0.00574482642878;
1998, 0.00570609726185;
1999, 0.00586746879075;
2000, 0.00600302087502;
2001, 0.00617730212623;
2002, 0.00649359032287;
2003, 0.00654522921212;
2004, 0.00690670143685;
2005, 0.00721007991118;
2006, 0.00735208685661;
2007, 0.018338260544;
2008, 0.0198938820826;
2009, 0.020532913337;
2010, 0.021481777927;
2011, 0.0220820800145;
2012, 0.0226565626573;
2013, 0.0233085036341;
2014, 0.0237926182208;
