1988, 0.0160274202502;
1989, 0.016517989698;
1990, 0.0164211667807;
1991, 0.0161758820568;
1992, 0.0156788577478;
1993, 0.0153044758007;
1994, 0.0147816320471;
1995, 0.0147945417694;
1996, 0.0142846077381;
1997, 0.0136455764836;
1998, 0.0268844967145;
1999, 0.025664527956;
2000, 0.0241605453067;
2001, 0.024089541834;
2002, 0.0235860626638;
2003, 0.0226113786292;
2004, 0.0227598404358;
2005, 0.0219013439021;
2006, 0.0221724480706;
2007, 0.0214882327881;
2008, 0.0210428473684;
2009, 0.0209008404229;
2010, 0.0214236841766;
2011, 0.0212106737584;
2012, 0.020946024451;
2013, 0.0212494029253;
2014, 0.021481777927;
