1988, 0.0222176320987;
1989, 0.0226565626573;
1990, 0.0236118821084;
1991, 0.0237538890538;
1992, 0.0235279689134;
1993, 0.0231213126606;
1994, 0.0221659932095;
1995, 0.0213526807038;
1996, 0.0208814758395;
1997, 0.0200875279173;
1998, 0.0190289306877;
1999, 0.0181446147093;
2000, 0.0171312015079;
2001, 0.0160984237229;
2002, 0.0151882882999;
2003, 0.0147945417694;
2004, 0.0145363473232;
2005, 0.01423942371;
2006, 0.0140457778753;
2007, 0.0144072501001;
2008, 0.0145234376009;
2009, 0.0143943403777;
2010, 0.0140070487084;
2011, 0.0151301945495;
2012, 0.014820361214;
2013, 0.0147429028802;
2014, 0.0145621667678;
