1988, 0.053768993429;
1989, 0.05343979551;
1990, 0.052736215644;
1991, 0.0524134725862;
1992, 0.0511676843831;
1993, 0.049715340623;
1994, 0.0470817572714;
1995, 0.0440544273893;
1996, 0.0412594725087;
1997, 0.039284284995;
1998, 0.0365474238649;
1999, 0.0350757155214;
2000, 0.033817017596;
2001, 0.0329391564787;
2002, 0.0319321981384;
2003, 0.031254437717;
2004, 0.0317320974426;
2005, 0.0315190870244;
2006, 0.0324356773086;
2007, 0.0325647745317;
2008, 0.032990795368;
2009, 0.0333199932869;
2010, 0.0330617988407;
2011, 0.0329197918953;
2012, 0.0329520662011;
2013, 0.0323453092524;
2014, 0.0313383509121;
