1988, 0.00173635765095;
1989, 0.00245284723926;
1990, 0.00310478821601;
1991, 0.00371154516466;
1992, 0.00443448961413;
1993, 0.00484760072811;
1994, 0.00562218406682;
1995, 0.00634512851629;
1996, 0.00711325699384;
1997, 0.0077200139425;
1998, 0.00844295839196;
1999, 0.00879152089439;
2000, 0.00942409728767;
2001, 0.0106182466015;
2002, 0.0117026632757;
2003, 0.0126773473103;
2004, 0.0140199584307;
2005, 0.0152980209396;
2006, 0.0164986251146;
2007, 0.0175378577607;
2008, 0.0186739133241;
2009, 0.0194033126347;
2010, 0.0199067918049;
2011, 0.0204038161139;
2012, 0.0211267605634;
2013, 0.0217528820955;
2014, 0.0218174307071;
