1988, 0.00588683337421;
1989, 0.00595138198577;
1990, 0.00586746879075;
1991, 0.00566736809491;
1992, 0.00562863892798;
1993, 0.00570609726185;
1994, 0.00591910767999;
1995, 0.00573837156763;
1996, 0.00582228476265;
1997, 0.00569964240069;
1998, 0.00566091323376;
1999, 0.00536398962058;
2000, 0.00486696531158;
2001, 0.00501542711816;
2002, 0.00491214933967;
2003, 0.00461522572649;
2004, 0.00405365280593;
2005, 0.00395037502743;
2006, 0.00384064238778;
2007, 0.00381482294316;
2008, 0.00375672919276;
2009, 0.0041311111398;
2010, 0.00398910419437;
2011, 0.0039697396109;
2012, 0.00376318405391;
2013, 0.00382127780431;
2014, 0.0037502743316;
