1988, 0.0147170834355;
1989, 0.014943003576;
1990, 0.0146783542686;
1991, 0.0147235382967;
1992, 0.0150914653826;
1993, 0.0155691251081;
1994, 0.0159564167775;
1995, 0.0160726042783;
1996, 0.0160467848337;
1997, 0.0163888924749;
1998, 0.0159176876105;
1999, 0.0156788577478;
2000, 0.0158983230271;
2001, 0.0164405313642;
2002, 0.016969829979;
2003, 0.0174603994268;
2004, 0.0177121390119;
2005, 0.0181187952647;
2006, 0.0183576251275;
2007, 0.0187126424911;
2008, 0.0188159202696;
2009, 0.0190547501323;
2010, 0.0194291320794;
2011, 0.0193645834678;
2012, 0.0190741147158;
2013, 0.0188159202696;
2014, 0.0185577258233;
