1988, 0.0106957049354;
1989, 0.0106957049354;
1990, 0.0106634306296;
1991, 0.0108699861866;
1992, 0.0109861736874;
1993, 0.0112830973006;
1994, 0.0111862743832;
1995, 0.0110378125767;
1996, 0.0110636320213;
1997, 0.0109087153535;
1998, 0.0109990834097;
1999, 0.0111281806328;
2000, 0.0114573785518;
2001, 0.0114573785518;
2002, 0.0114702882741;
2003, 0.0116381146642;
2004, 0.0120641355004;
2005, 0.0125353403648;
2006, 0.0128128993945;
2007, 0.0138456771795;
2008, 0.0147299931578;
2009, 0.0151624688553;
2010, 0.0153690244123;
2011, 0.0156143091362;
2012, 0.0160532396948;
2013, 0.0164018021972;
2014, 0.0165502640038;
