1988, 0.000180736112366;
1989, 0.000219465279302;
1990, 0.000180736112366;
1991, 0.000219465279302;
1992, 0.000225920140458;
1993, 0.000219465279302;
1994, 0.000232375001614;
1995, 0.00020655555699;
1996, 0.00023882986277;
1997, 0.000264649307393;
1998, 0.000335652780109;
1999, 0.000342107641265;
2000, 0.000335652780109;
2001, 0.000406656252824;
2002, 0.000432475697448;
2003, 0.000348562502421;
2004, 0.000309833335485;
2005, 0.000335652780109;
2006, 0.000329197918953;
2007, 0.000342107641265;
2008, 0.000355017363577;
2009, 0.000387291669356;
2010, 0.000406656252824;
2011, 0.000393746530512;
2012, 0.000426020836292;
2013, 0.000438930558604;
2014, 0.000497024309007;
