1988, 0.025993725875;
1989, 0.0262519203212;
1990, 0.0258323543461;
1991, 0.0253095105924;
1992, 0.0238248925266;
1993, 0.0226242883516;
1994, 0.021856159874;
1995, 0.0214559584823;
1996, 0.0214495036212;
1997, 0.0214236841766;
1998, 0.02015853139;
1999, 0.0196937813868;
2000, 0.0187642813803;
2001, 0.0188288299919;
2002, 0.0185254515175;
2003, 0.0189256529092;
2004, 0.0185512709622;
2005, 0.0184738126283;
2006, 0.0179574237358;
2007, 0.0177637779011;
2008, 0.0175701320665;
2009, 0.0173700313706;
2010, 0.0175894966499;
2011, 0.0174926737326;
2012, 0.0174797640103;
2013, 0.0175055834549;
2014, 0.0176798647061;
