1988, 0.00269167710203;
1989, 0.0029886007152;
1990, 0.00346626044074;
1991, 0.0039697396109;
1992, 0.00422147919598;
1993, 0.00484760072811;
1994, 0.00528653128671;
1995, 0.00564800351144;
1996, 0.0060933889312;
1997, 0.00642904171131;
1998, 0.00684860768645;
1999, 0.00710680213269;
2000, 0.00735854171777;
2001, 0.00779747227637;
2002, 0.00843004866965;
2003, 0.00869469797705;
2004, 0.00923045145299;
2005, 0.00964356256697;
2006, 0.00961128826119;
2007, 0.00950801048269;
2008, 0.00961128826119;
2009, 0.00979202437356;
2010, 0.00986302784627;
2011, 0.0100502188198;
2012, 0.00988239242974;
2013, 0.0101341320148;
2014, 0.010140586876;
