1988, 0.000116187500807;
1989, 0.000122642361963;
1990, 9.03680561831e-05;
1991, 0.000103277778495;
1992, 0.000103277778495;
1993, 0.000103277778495;
1994, 8.39131950272e-05;
1995, 8.39131950272e-05;
1996, 7.10034727153e-05;
1997, 7.74583338712e-05;
1998, 0.000103277778495;
1999, 0.000135552084275;
2000, 0.000148461806587;
2001, 0.000154916667742;
2002, 9.6822917339e-05;
2003, 0.000129097223119;
2004, 0.000122642361963;
2005, 0.000122642361963;
2006, 0.000129097223119;
2007, 0.000213010418146;
2008, 0.000180736112366;
2009, 0.000167826390054;
2010, 0.000142006945431;
2011, 0.00017428125121;
2012, 0.000161371528898;
2013, 0.000161371528898;
2014, 0.000213010418146;
