1988, 0.00138134028737;
1989, 0.00147816320471;
1990, 0.00133615625928;
1991, 0.00138134028737;
1992, 0.00141361459315;
1993, 0.00139425000968;
1994, 0.00145234376009;
1995, 0.00148461806587;
1996, 0.0015814409832;
1997, 0.0016266250113;
1998, 0.00169762848401;
1999, 0.00174926737326;
2000, 0.00191063890216;
2001, 0.00202037154181;
2002, 0.00207846529221;
2003, 0.00213010418146;
2004, 0.0022850208492;
2005, 0.0023882986277;
2006, 0.0024463923781;
2007, 0.00258194446237;
2008, 0.00268522224087;
2009, 0.0027691354359;
2010, 0.00305314932676;
2011, 0.00341462155149;
2012, 0.00376963891507;
2013, 0.00386000697125;
2014, 0.00425375350176;
