1988, 0.000322743057797;
1989, 0.000361472224732;
1990, 0.000335652780109;
1991, 0.000329197918953;
1992, 0.000316288196641;
1993, 0.000438930558604;
1994, 0.000580937504034;
1995, 0.00058739236519;
1996, 0.000580937504034;
1997, 0.00065194097675;
1998, 0.000697125004841;
1999, 0.00082622222796;
2000, 0.000845586811428;
2001, 0.000923045145299;
2002, 0.00102632292379;
2003, 0.00096822917339;
2004, 0.000987593756858;
2005, 0.00121351389732;
2006, 0.00127806250888;
2007, 0.00125224306425;
2008, 0.00129097223119;
2009, 0.00123933334194;
2010, 0.00138779514853;
2011, 0.00165244445592;
2012, 0.00172344792864;
2013, 0.00167180903939;
2014, 0.00185254515175;
