1992, 0.0129807257846;
1993, 0.012709621616;
1994, 0.0130259098127;
1995, 0.0133938368986;
1996, 0.0134325660655;
1997, 0.0132518299531;
1998, 0.0137101250952;
1999, 0.0138908612076;
2000, 0.0140393230142;
2001, 0.014529892462;
2002, 0.0148397257975;
2003, 0.0147880869083;
2004, 0.0139295903745;
2005, 0.0134971146771;
2006, 0.0132001910639;
2007, 0.0132131007862;
2008, 0.012832263978;
2009, 0.0125482500871;
2010, 0.0122706910574;
2011, 0.0117801216096;
2012, 0.0113992848014;
2013, 0.0109538993816;
2014, 0.0103600521553;
