1988, 0.0178606008185;
1989, 0.0177056841507;
1990, 0.0175765869276;
1991, 0.017673409845;
1992, 0.0177121390119;
1993, 0.0178025070681;
1994, 0.0179896980416;
1995, 0.0179896980416;
1996, 0.0177315035954;
1997, 0.0179509688747;
1998, 0.01775732304;
1999, 0.0172667535921;
2000, 0.0171957501194;
2001, 0.017137656369;
2002, 0.0169117362286;
2003, 0.0165308994204;
2004, 0.015730496637;
2005, 0.0152076528834;
2006, 0.0145363473232;
2007, 0.0142458785712;
2008, 0.0137488542621;
2009, 0.0135422987052;
2010, 0.0132970139812;
2011, 0.0129419966177;
2012, 0.0125998889764;
2013, 0.0122577813351;
2014, 0.0119866771666;
