1988, 0.0107925278527;
1989, 0.0105666077123;
1990, 0.010514968823;
1991, 0.0104762396561;
1992, 0.0105085139619;
1993, 0.0103342327107;
1994, 0.0105214236842;
1995, 0.0110571771601;
1996, 0.0111991841055;
1997, 0.0121609584178;
1998, 0.0129871806457;
1999, 0.0138844063464;
2000, 0.0147429028802;
2001, 0.0154787570519;
2002, 0.0160855140006;
2003, 0.016724545255;
2004, 0.0176669549838;
2005, 0.0189062883257;
2006, 0.0197647848595;
2007, 0.0195711390248;
2008, 0.0204683647255;
2009, 0.0207007397271;
2010, 0.0218109758459;
2011, 0.0225791043235;
2012, 0.023469875163;
2013, 0.0243671008637;
2014, 0.0247995765611;
