1988, 0.00695188546494;
1989, 0.00861723964318;
1990, 0.00966292715044;
1991, 0.0111862743832;
1992, 0.0124901563367;
1993, 0.0126192535599;
1994, 0.0127677153664;
1995, 0.0124062431417;
1996, 0.0115283820245;
1997, 0.0111798195221;
1998, 0.012044770917;
1999, 0.0127999896722;
2000, 0.0123029653632;
2001, 0.0127806250888;
2002, 0.0129613612011;
2003, 0.0123094202244;
2004, 0.0118640348046;
2005, 0.0114702882741;
2006, 0.0114186493849;
2007, 0.011754302165;
2008, 0.0126967118937;
2009, 0.0132841042589;
2010, 0.0131162778689;
2011, 0.0135745730109;
2012, 0.0140264132919;
2013, 0.0142781528769;
2014, 0.0157369514982;
