1988, 0.00360826738617;
1989, 0.00360826738617;
1990, 0.00370509030351;
1991, 0.00372445488698;
1992, 0.00390519099934;
1993, 0.00415047572327;
1994, 0.00423438891829;
1995, 0.00422793405714;
1996, 0.00422793405714;
1997, 0.00432475697448;
1998, 0.00444739933644;
1999, 0.00458940628187;
2000, 0.00474432294961;
2001, 0.00503479170163;
2002, 0.005215527814;
2003, 0.00536398962058;
2004, 0.00553181601064;
2005, 0.0059772014304;
2006, 0.00608693407005;
2007, 0.00632576393282;
2008, 0.00636449309975;
2009, 0.00659686810137;
2010, 0.00664850699061;
2011, 0.00680342365836;
2012, 0.00692606602032;
2013, 0.00702934379881;
2014, 0.00693897574263;
