1988, 0.00703579865997;
1989, 0.00715198616078;
1990, 0.0073391771343;
1991, 0.00760382644169;
1992, 0.00775874310944;
1993, 0.00780392713753;
1994, 0.00785556602677;
1995, 0.00803630213914;
1996, 0.00819767366804;
1997, 0.00828158686307;
1998, 0.00852041672584;
1999, 0.00873988200514;
2000, 0.00883670492248;
2001, 0.00897225700675;
2002, 0.00899162159022;
2003, 0.00908844450756;
2004, 0.00914008339681;
2005, 0.00926272575877;
2006, 0.00980493409587;
2007, 0.0100954028479;
2008, 0.0102180452098;
2009, 0.0103213229883;
2010, 0.0103794167387;
2011, 0.0101922257652;
2012, 0.0104697847949;
2013, 0.0105278785453;
2014, 0.0106311563238;
