1988, 0.0116187500807;
1989, 0.0119350382773;
1990, 0.0125547049483;
1991, 0.0134777500936;
1992, 0.0140909619034;
1993, 0.0148461806587;
1994, 0.0153625695511;
1995, 0.0157821355263;
1996, 0.0159241424717;
1997, 0.0162856146964;
1998, 0.0169633751178;
1999, 0.0172022049806;
2000, 0.0173119376202;
2001, 0.0174410348433;
2002, 0.0175314028995;
2003, 0.0180865209589;
2004, 0.0180219723474;
2005, 0.0184092640167;
2006, 0.0188869237423;
2007, 0.0195130452744;
2008, 0.0200681633338;
2009, 0.0208233820891;
2010, 0.0220046216806;
2011, 0.0227856598805;
2012, 0.0237926182208;
2013, 0.0247995765611;
2014, 0.026452021017;
