1988, 0.0651360039246;
1989, 0.0697189553453;
1990, 0.0761479970566;
1991, 0.0805308477815;
1992, 0.082622222796;
1993, 0.086224035321;
1994, 0.0886123339487;
1995, 0.0905358825732;
1996, 0.0958611430268;
1997, 0.0997534243038;
1998, 0.106886045881;
1999, 0.11676198345;
2000, 0.118646802907;
2001, 0.124223802946;
2002, 0.131343514801;
2003, 0.135590813442;
2004, 0.140231858613;
2005, 0.145382837815;
2006, 0.149120202424;
2007, 0.151134119105;
2008, 0.153348136482;
2009, 0.156594931643;
2010, 0.159932094861;
2011, 0.16266250113;
2012, 0.167439098385;
2013, 0.170421244239;
2014, 0.169026994229;
