1988, 0.0227211112689;
1989, 0.0224951911284;
1990, 0.0222499064045;
1991, 0.0220949897368;
1992, 0.0211009411188;
1993, 0.0204554550032;
1994, 0.0201262570842;
1995, 0.0202682640296;
1996, 0.0199713404165;
1997, 0.0202747188908;
1998, 0.0235473334969;
1999, 0.0239410800274;
2000, 0.0237861633596;
2001, 0.0237926182208;
2002, 0.0235150591911;
2003, 0.0239604446108;
2004, 0.0235989723861;
2005, 0.0229793057151;
2006, 0.023140677244;
2007, 0.0234569654407;
2008, 0.0236957953034;
2009, 0.0237926182208;
2010, 0.0243025522521;
2011, 0.0247802119776;
2012, 0.0254515175379;
2013, 0.0256387085114;
2014, 0.0257936251791;
