1988, 0.0134454757878;
1989, 0.0139618646803;
1990, 0.0147429028802;
1991, 0.0155497605247;
1992, 0.0172344792864;
1993, 0.019829333471;
1994, 0.0232568647448;
1995, 0.0248963994784;
1996, 0.0256387085114;
1997, 0.0262777397658;
1998, 0.0266327571294;
1999, 0.0269425904649;
2000, 0.0273944307458;
2001, 0.027775267554;
2002, 0.0275428925524;
2003, 0.0270910522715;
2004, 0.0259356321246;
2005, 0.0250965001743;
2006, 0.0242896425298;
2007, 0.0233214133564;
2008, 0.0219336182079;
2009, 0.0210363925072;
2010, 0.0201262570842;
2011, 0.0192935799951;
2012, 0.0182737119325;
2013, 0.0174152153987;
2014, 0.0168794619228;
