1988, 0.0180542466532;
1989, 0.0180994306812;
1990, 0.01792514943;
1991, 0.0179186945689;
1992, 0.0178993299854;
1993, 0.0176863195673;
1994, 0.0171182917855;
1995, 0.0166535417823;
1996, 0.0161500626122;
1997, 0.0156594931643;
1998, 0.0154593924685;
1999, 0.0145815313513;
2000, 0.0139812292638;
2001, 0.013329288287;
2002, 0.0130710938408;
2003, 0.0126127986987;
2004, 0.0125224306425;
2005, 0.0180026077639;
2006, 0.0173506667872;
2007, 0.017137656369;
2008, 0.0169181910897;
2009, 0.01664063206;
2010, 0.0169891945624;
2011, 0.0169891945624;
2012, 0.0167826390054;
2013, 0.0165825383096;
2014, 0.0160532396948;
