1988, 0.0529104968952;
1989, 0.0536979899562;
1990, 0.0541627399595;
1991, 0.0550599656601;
1992, 0.055466621913;
1993, 0.0560798337228;
1994, 0.0567059552549;
1995, 0.0575450872052;
1996, 0.057745187901;
1997, 0.05935890319;
1998, 0.0615793754276;
1999, 0.062379778211;
2000, 0.0638450316934;
2001, 0.0640322226669;
2002, 0.0650133615626;
2003, 0.0655232955939;
2004, 0.0642904171131;
2005, 0.0638192122487;
2006, 0.0629800802985;
2007, 0.0624766011283;
2008, 0.0612372677864;
2009, 0.0605336879204;
2010, 0.0584423129058;
2011, 0.0564477608087;
2012, 0.0545887607958;
2013, 0.0531299621745;
2014, 0.0526200281432;
