1988, 0.0041311111398;
1989, 0.00426020836292;
1990, 0.00430539239101;
1991, 0.00438930558604;
1992, 0.00446676391991;
1993, 0.00448612850338;
1994, 0.00451840280916;
1995, 0.00463459030996;
1996, 0.0106827952131;
1997, 0.0123416945302;
1998, 0.0124062431417;
1999, 0.0125224306425;
2000, 0.0124385174475;
2001, 0.0124320625863;
2002, 0.0124772466144;
2003, 0.0121093195285;
2004, 0.0120383160558;
2005, 0.0115929306361;
2006, 0.0111410903551;
2007, 0.0106892500742;
2008, 0.010347142433;
2009, 0.0100437639586;
2010, 0.00957901395541;
2011, 0.00913362853565;
2012, 0.00887543408941;
2013, 0.00851396186468;
2014, 0.0082041285292;
