1988, 0.0302926634048;
1989, 0.0312286182724;
1990, 0.032455041892;
1991, 0.0327519655052;
1992, 0.0336233717613;
1993, 0.0345270523231;
1994, 0.0354436426072;
1995, 0.0347917016305;
1996, 0.0336491912059;
1997, 0.0334813648158;
1998, 0.0320935696673;
1999, 0.0312738023005;
2000, 0.0305766772957;
2001, 0.0296471772892;
2002, 0.0293308890926;
2003, 0.0284659376977;
2004, 0.0285240314481;
2005, 0.0281948335291;
2006, 0.0272459689392;
2007, 0.0268909515756;
2008, 0.0267747640748;
2009, 0.0262067362931;
2010, 0.0261421876815;
2011, 0.0263229237939;
2012, 0.0270587779657;
2013, 0.0267941286583;
2014, 0.0266198474071;
