1988, 0.00720362505003;
1989, 0.00724880907812;
1990, 0.0073391771343;
1991, 0.0072810833839;
1992, 0.00712616671615;
1993, 0.00691961115916;
1994, 0.00688088199223;
1995, 0.00682278824182;
1996, 0.00672596532449;
1997, 0.00680987851951;
1998, 0.00686797226992;
1999, 0.0071778056054;
2000, 0.00710034727153;
2001, 0.00728753824505;
2002, 0.00746181949626;
2003, 0.00766837505325;
2004, 0.00800402783336;
2005, 0.00824285769613;
2006, 0.00844941325312;
2007, 0.00872697228283;
2008, 0.00901744103484;
2009, 0.00928209034224;
2010, 0.00969520145622;
2011, 0.00987593756858;
2012, 0.0100437639586;
2013, 0.0101470417371;
2014, 0.0102761389603;
