1988, 0.0196421424975;
1989, 0.0199713404165;
1990, 0.0201972605569;
1991, 0.020242444585;
1992, 0.0205200036147;
1993, 0.0212171286196;
1994, 0.0218045209848;
1995, 0.0229470314094;
1996, 0.0233343230787;
1997, 0.024463923781;
1998, 0.025664527956;
1999, 0.0270006842153;
2000, 0.0275235279689;
2001, 0.0287305870051;
2002, 0.0292211564529;
2003, 0.0296278127057;
2004, 0.0296149029834;
2005, 0.0296407224281;
2006, 0.0300021946528;
2007, 0.0295051703438;
2008, 0.0290016911736;
2009, 0.0285175765869;
2010, 0.0286208543654;
2011, 0.0287305870051;
2012, 0.029305069648;
2013, 0.0292534307587;
2014, 0.0294858057603;
