1988, 0.000555118059411;
1989, 0.00061966667097;
1990, 0.000742309032933;
1991, 0.000735854171777;
1992, 0.000781038199868;
1993, 0.000806857644492;
1994, 0.00082622222796;
1995, 0.000806857644492;
1996, 0.000768128477556;
1997, 0.000755218755245;
1998, 0.000768128477556;
1999, 0.00082622222796;
2000, 0.000839131950272;
2001, 0.00082622222796;
2002, 0.000781038199868;
2003, 0.000800402783336;
2004, 0.000877861117207;
2005, 0.00163307987245;
2006, 0.00159435070552;
2007, 0.00156207639974;
2008, 0.00157498612205;
2009, 0.00167826390054;
2010, 0.00182027084597;
2011, 0.00179445140135;
2012, 0.00214301390377;
2013, 0.00220756251533;
2014, 0.00243348265579;
