1988, 0.00433766669679;
1989, 0.00433766669679;
1990, 0.00453776739262;
1991, 0.00477659725539;
1992, 0.00491860420082;
1993, 0.00497024309007;
1994, 0.00498960767354;
1995, 0.00498315281238;
1996, 0.00497024309007;
1997, 0.00509288545203;
1998, 0.00500897225701;
1999, 0.00510579517435;
2000, 0.00492505906198;
2001, 0.00491860420082;
2002, 0.00488632989504;
2003, 0.00477014239424;
2004, 0.00458940628187;
2005, 0.00464104517112;
2006, 0.0047895069777;
2007, 0.00486696531158;
2008, 0.00497669795123;
2009, 0.00492505906198;
2010, 0.00514452434128;
2011, 0.00513161461897;
2012, 0.00513806948013;
2013, 0.00539626392636;
2014, 0.00569318753954;
