1988, 0.00510579517435;
1989, 0.00531880559249;
1990, 0.00575128128994;
1991, 0.0058739236519;
1992, 0.0056544583726;
1993, 0.00589974309653;
1994, 0.00604175004196;
1995, 0.00616439240392;
1996, 0.00627412504357;
1997, 0.0064742257394;
1998, 0.0064742257394;
1999, 0.0065194097675;
2000, 0.00648713546172;
2001, 0.00680342365836;
2002, 0.00722298963349;
2003, 0.00731981255083;
2004, 0.00728753824505;
2005, 0.00724880907812;
2006, 0.00741663546817;
2007, 0.0076619201921;
2008, 0.00771355908134;
2009, 0.00793302436065;
2010, 0.0082041285292;
2011, 0.00836550005809;
2012, 0.00833968061347;
2013, 0.00838486464156;
2014, 0.00853332644815;
