1988, 0.016931100812;
1989, 0.0171570209525;
1990, 0.0170860174798;
1991, 0.016969829979;
1992, 0.0168149133112;
1993, 0.0168020035889;
1994, 0.0169504653955;
1995, 0.0169891945624;
1996, 0.0170472883128;
1997, 0.0171312015079;
1998, 0.0172086598417;
1999, 0.0171634758136;
2000, 0.0170021042847;
2001, 0.0172086598417;
2002, 0.0174862188714;
2003, 0.0174152153987;
2004, 0.0169891945624;
2005, 0.0266521217129;
2006, 0.0252126876751;
2007, 0.0242960973909;
2008, 0.0230180348821;
2009, 0.0218109758459;
2010, 0.0205393681982;
2011, 0.0195453195802;
2012, 0.0184996320729;
2013, 0.0175701320665;
2014, 0.0171634758136;
