1988, 0.00847523269774;
1989, 0.00836550005809;
1990, 0.00801693755567;
1991, 0.00799111811105;
1992, 0.00803630213914;
1993, 0.00785556602677;
1994, 0.0076619201921;
1995, 0.00757155213591;
1996, 0.00769419449788;
1997, 0.00759737158054;
1998, 0.00764255560863;
1999, 0.0184802674894;
2000, 0.0186610036018;
2001, 0.0189256529092;
2002, 0.0190095661042;
2003, 0.0191063890216;
2004, 0.0192613056893;
2005, 0.01904184041;
2006, 0.0190676598546;
2007, 0.0189385626315;
2008, 0.0189966563819;
2009, 0.0191903022166;
2010, 0.0192161216612;
2011, 0.0193645834678;
2012, 0.0196098681917;
2013, 0.0196550522198;
2014, 0.0196034133306;
