1988, 0.0285304863092;
1989, 0.0283755696415;
1990, 0.0289952363125;
1991, 0.0294470765934;
1992, 0.0301248370148;
1993, 0.0303249377106;
1994, 0.0308606911865;
1995, 0.0314351738294;
1996, 0.0320935696673;
1997, 0.03216457314;
1998, 0.0329714307845;
1999, 0.0337460141232;
2000, 0.033778288429;
2001, 0.0340042085695;
2002, 0.0337976530125;
2003, 0.033900930791;
2004, 0.0338041078736;
2005, 0.0335459134274;
2006, 0.0329391564787;
2007, 0.0325970488375;
2008, 0.0319063786938;
2009, 0.0315319967467;
2010, 0.0311124307716;
2011, 0.0306928647965;
2012, 0.0299376460412;
2013, 0.0291566078414;
2014, 0.0284982120035;
