1988, 0.0320483856392;
1989, 0.033074708563;
1990, 0.0337976530125;
1991, 0.0342172189876;
1992, 0.0348175210751;
1993, 0.0354307328849;
1994, 0.0357405662204;
1995, 0.0359664863609;
1996, 0.0367862537277;
1997, 0.0362569551129;
1998, 0.0360633092782;
1999, 0.0359213023328;
2000, 0.0363731426137;
2001, 0.0370250835905;
2002, 0.0381353197093;
2003, 0.0386710731852;
2004, 0.0392584655504;
2005, 0.0402460593073;
2006, 0.0405558926427;
2007, 0.0408011773667;
2008, 0.0414983023715;
2009, 0.0421696079317;
2010, 0.0429183718258;
2011, 0.0434799447464;
2012, 0.0433960315514;
2013, 0.043628406553;
2014, 0.0502381843767;
