1988, 0.0153625695511;
1989, 0.0156013994139;
1990, 0.0156013994139;
1991, 0.0157369514982;
1992, 0.0160016008056;
1993, 0.0164018021972;
1994, 0.0170343785905;
1995, 0.0174926737326;
1996, 0.0174216702599;
1997, 0.0183834445721;
1998, 0.0189127431869;
1999, 0.0192806702728;
2000, 0.0197002362479;
2001, 0.0202488994462;
2002, 0.0204748195866;
2003, 0.0206361911155;
2004, 0.0209072952841;
2005, 0.0210234827849;
2006, 0.0213139515369;
2007, 0.0211913091749;
2008, 0.0209137501452;
2009, 0.0211073959799;
2010, 0.0211332154245;
2011, 0.0211913091749;
2012, 0.0215850557055;
2013, 0.0217593369567;
2014, 0.0219852570971;
