1988, 0.00798466324989;
1989, 0.00778456255406;
1990, 0.00763610074747;
1991, 0.00754573269129;
1992, 0.00758446185823;
1993, 0.00771355908134;
1994, 0.00789429519371;
1995, 0.00821058339035;
1996, 0.00833968061347;
1997, 0.00844941325312;
1998, 0.00846232297543;
1999, 0.00870760769936;
2000, 0.00870760769936;
2001, 0.00888188895057;
2002, 0.00897225700675;
2003, 0.00863014936549;
2004, 0.00835904519694;
2005, 0.00829449658538;
2006, 0.00806212158376;
2007, 0.00801048269452;
2008, 0.00802339241683;
2009, 0.00790075005487;
2010, 0.0078813854714;
2011, 0.00754573269129;
2012, 0.00727462852274;
2013, 0.00712616671615;
2014, 0.00714553129962;
