1988, 0.0091852674249;
1989, 0.00910780909103;
1990, 0.00898516672906;
1991, 0.00923045145299;
1992, 0.00928209034224;
1993, 0.0094628264546;
1994, 0.00931436464802;
1995, 0.00952092020501;
1996, 0.00973393062315;
1997, 0.0097855695124;
1998, 0.00982429867934;
1999, 0.0100824931256;
2000, 0.0100954028479;
2001, 0.0100566736809;
2002, 0.0101857709041;
2003, 0.0102374097933;
2004, 0.00995985076361;
2005, 0.0101534965983;
2006, 0.0103923264611;
2007, 0.010514968823;
2008, 0.0106117917404;
2009, 0.0109990834097;
2010, 0.011341191051;
2011, 0.0116445695253;
2012, 0.01200604175;
2013, 0.0127548056441;
2014, 0.0135616632886;
