1988, 0.00140715973199;
1989, 0.00151043751049;
1990, 0.00213655904261;
1991, 0.00220110765417;
1992, 0.00216237848724;
1993, 0.00239475348885;
1994, 0.00252385071197;
1995, 0.00256257987891;
1996, 0.00261421876815;
1997, 0.00274331599127;
1998, 0.0027691354359;
1999, 0.00280786460283;
2000, 0.00289177779786;
2001, 0.0029305069648;
2002, 0.00303378474329;
2003, 0.00325970488375;
2004, 0.00339525696802;
2005, 0.00355017363577;
2006, 0.00361472224732;
2007, 0.003808368082;
2008, 0.00395037502743;
2009, 0.00421502433483;
2010, 0.00438930558604;
2011, 0.00454422225378;
2012, 0.00470559378268;
2013, 0.0048927847562;
2014, 0.0050541562851;
