1988, 0.0148655452421;
1989, 0.0146396251017;
1990, 0.0143297917662;
1991, 0.014362066072;
1992, 0.0143685209331;
1993, 0.0140909619034;
1994, 0.0138908612076;
1995, 0.0136972153729;
1996, 0.0138973160687;
1997, 0.0141490556538;
1998, 0.014445979267;
1999, 0.0147622674636;
2000, 0.0148849098256;
2001, 0.0149494584371;
2002, 0.0149623681595;
2003, 0.0149688230206;
2004, 0.0152011980222;
2005, 0.015149559133;
2006, 0.0141232362092;
2007, 0.0135681181498;
2008, 0.0132195556474;
2009, 0.0126515278656;
2010, 0.0119544028608;
2011, 0.0114896528576;
2012, 0.0110765417436;
2013, 0.0107473438246;
2014, 0.010308413266;
