1988, 0.00865596881011;
1989, 0.00875924658861;
1990, 0.00905617020178;
1991, 0.00919817714721;
1992, 0.00910135422987;
1993, 0.00952737506616;
1994, 0.00993403131899;
1995, 0.010514968823;
1996, 0.0106117917404;
1997, 0.0114896528576;
1998, 0.0121157743897;
1999, 0.0126127986987;
2000, 0.0129678160623;
2001, 0.0132711945366;
2002, 0.0136133021779;
2003, 0.0136391216225;
2004, 0.0136972153729;
2005, 0.0139683195414;
2006, 0.0142523334323;
2007, 0.013826312596;
2008, 0.0138134028737;
2009, 0.0134842049548;
2010, 0.0135552084275;
2011, 0.013451930649;
2012, 0.0133809271763;
2013, 0.0133551077316;
2014, 0.0136068473167;
