1988, 0.000154916667742;
1989, 0.000264649307393;
1990, 0.000200100695834;
1991, 0.000225920140458;
1992, 0.00020655555699;
1993, 0.000187190973522;
1994, 0.000225920140458;
1995, 0.00020655555699;
1996, 0.000232375001614;
1997, 0.000322743057797;
1998, 0.000309833335485;
1999, 0.000264649307393;
2000, 0.000284013890861;
2001, 0.000303378474329;
2002, 0.000361472224732;
2003, 0.000393746530512;
2004, 0.000342107641265;
2005, 0.000355017363577;
2006, 0.000355017363577;
2007, 0.000348562502421;
2008, 0.000374381947044;
2009, 0.000329197918953;
2010, 0.000296923613173;
2011, 0.000361472224732;
2012, 0.000432475697448;
2013, 0.000438930558604;
2014, 0.00044538541976;
