1988, 0.00473786808846;
1989, 0.00451840280916;
1990, 0.00460877086534;
1991, 0.00462813544881;
1992, 0.00459586114303;
1993, 0.00466040975459;
1994, 0.0045700416984;
1995, 0.00453131253147;
1996, 0.00443448961413;
1997, 0.0187642813803;
1998, 0.0187707362415;
1999, 0.0183447154052;
2000, 0.018460902906;
2001, 0.0185383612398;
2002, 0.0183898994333;
2003, 0.0184028091556;
2004, 0.018338260544;
2005, 0.0182349827655;
2006, 0.0180219723474;
2007, 0.0179509688747;
2008, 0.0181639792928;
2009, 0.0183963542944;
2010, 0.0183059862382;
2011, 0.0185577258233;
2012, 0.0185641806845;
2013, 0.0185189966564;
2014, 0.0179574237358;
