1988, 0.0120254063335;
1989, 0.0121351389732;
1990, 0.012212597307;
1991, 0.0123997882806;
1992, 0.0126127986987;
1993, 0.01312273273;
1994, 0.0132324653697;
1995, 0.0139425000968;
1996, 0.014116781348;
1997, 0.0140005938472;
1998, 0.0337072849563;
1999, 0.0335975523166;
2000, 0.0340364828753;
2001, 0.034604510657;
2002, 0.0351919030222;
2003, 0.0354952814965;
2004, 0.0357147467758;
2005, 0.0362892294187;
2006, 0.0368249828946;
2007, 0.0368249828946;
2008, 0.0366119724765;
2009, 0.036592607893;
2010, 0.0365022398368;
2011, 0.0366958856715;
2012, 0.0364054169195;
2013, 0.035805114832;
2014, 0.0348562502421;
