1988, 0.0255483404552;
1989, 0.024586566143;
1990, 0.0238055279431;
1991, 0.0238958959993;
1992, 0.0238378022489;
1993, 0.0240056286389;
1994, 0.0241153612786;
1995, 0.0241218161397;
1996, 0.0245672015595;
1997, 0.0253095105924;
1998, 0.0257613508733;
1999, 0.0263229237939;
2000, 0.0268586772699;
2001, 0.0266843960186;
2002, 0.0269619550483;
2003, 0.0267295800467;
2004, 0.0261486425427;
2005, 0.0252966008701;
2006, 0.0242380036405;
2007, 0.0231858612721;
2008, 0.0220949897368;
2009, 0.0213526807038;
2010, 0.0202359897239;
2011, 0.0193452188843;
2012, 0.0188546494365;
2013, 0.0185900001291;
2014, 0.0177508681788;
