1988, 0.00142006945431;
1989, 0.00126515278656;
1990, 0.001200604175;
1991, 0.00111669097998;
1992, 0.000981138895702;
1993, 0.000839131950272;
1994, 0.000832677089116;
1995, 0.000800402783336;
1996, 0.000761673616401;
1997, 0.000774583338712;
1998, 0.000800402783336;
1999, 0.000871406256051;
2000, 0.000948864589923;
2001, 0.000961774312235;
2002, 0.00112314584113;
2003, 0.00121351389732;
2004, 0.00115542014691;
2005, 0.00118769445269;
2006, 0.00118123959154;
2007, 0.00121351389732;
2008, 0.00126515278656;
2009, 0.00125224306425;
2010, 0.00125224306425;
2011, 0.00126515278656;
2012, 0.00127806250888;
2013, 0.00129097223119;
2014, 0.00131033681466;
