1988, 0.015769225804;
1989, 0.0153367501065;
1990, 0.0148526355198;
1991, 0.0142523334323;
1992, 0.0137165799564;
1993, 0.0133680174539;
1994, 0.0129226320342;
1995, 0.0127806250888;
1996, 0.0125353403648;
1997, 0.0125547049483;
1998, 0.0121932327236;
1999, 0.0123158750855;
2000, 0.0123997882806;
2001, 0.012541795226;
2002, 0.0127935348111;
2003, 0.0128774480061;
2004, 0.0132841042589;
2005, 0.0137165799564;
2006, 0.0136713959283;
2007, 0.0142910625992;
2008, 0.0144524341281;
2009, 0.0187578265192;
2010, 0.0191903022166;
2011, 0.0197196008314;
2012, 0.0200810730561;
2013, 0.0205070938924;
2014, 0.0202876286131;
