1988, 0.0100502188198;
1989, 0.010347142433;
1990, 0.0106957049354;
1991, 0.0108699861866;
1992, 0.011341191051;
1993, 0.0116703889699;
1994, 0.0116058403584;
1995, 0.0116832986922;
1996, 0.0118898542492;
1997, 0.011341191051;
1998, 0.0109216250758;
1999, 0.0104891493784;
2000, 0.0101986806264;
2001, 0.0102825938214;
2002, 0.010431055628;
2003, 0.0102696840991;
2004, 0.0106311563238;
2005, 0.0106763403519;
2006, 0.010805437575;
2007, 0.0106505209073;
2008, 0.0110249028543;
2009, 0.0113347361898;
2010, 0.0116445695253;
2011, 0.0116187500807;
2012, 0.0115606563303;
2013, 0.0115671111914;
2014, 0.0111733646609;
