1988, 0.026038909903;
1989, 0.0249738578123;
1990, 0.0236247918307;
1991, 0.0227211112689;
1992, 0.0223080001549;
1993, 0.0217528820955;
1994, 0.0215915105666;
1995, 0.0212494029253;
1996, 0.0215398716774;
1997, 0.0214882327881;
1998, 0.0216173300112;
1999, 0.021649604317;
2000, 0.0217076980674;
2001, 0.0218755244575;
2002, 0.0219981668194;
2003, 0.0223467293219;
2004, 0.0226630175185;
2005, 0.0226307432127;
2006, 0.022437097378;
2007, 0.0226113786292;
2008, 0.0226371980739;
2009, 0.0226307432127;
2010, 0.0229534862705;
2011, 0.0231277675217;
2012, 0.0227404758524;
2013, 0.022934121687;
2014, 0.0233278682176;
