1988, 0.0261873717096;
1989, 0.0271620557442;
1990, 0.0278720904713;
1991, 0.0285369411704;
1992, 0.0292921599256;
1993, 0.0301248370148;
1994, 0.0308025974361;
1995, 0.0309252397981;
1996, 0.0318547398045;
1997, 0.0309381495204;
1998, 0.0310220627154;
1999, 0.031706277998;
2000, 0.0320871148062;
2001, 0.03216457314;
2002, 0.0324485870309;
2003, 0.0322355766127;
2004, 0.0321000245285;
2005, 0.0319063786938;
2006, 0.0313641703567;
2007, 0.0309381495204;
2008, 0.0300021946528;
2009, 0.0299182814578;
2010, 0.0301829307652;
2011, 0.0296084481223;
2012, 0.0295503543719;
2013, 0.0294083474264;
2014, 0.0287757710332;
