1988, 0.0992822194395;
1989, 0.100056802778;
1990, 0.100689379171;
1991, 0.100773292366;
1992, 0.101657608345;
1993, 0.100631285421;
1994, 0.0992176708279;
1995, 0.0973909451208;
1996, 0.0957385006649;
1997, 0.0946024451014;
1998, 0.0926982610604;
1999, 0.0900840422923;
2000, 0.0870308929655;
2001, 0.0850944346187;
2002, 0.0851008894799;
2003, 0.0852751707311;
2004, 0.0849653373956;
2005, 0.0860110249029;
2006, 0.0867468790746;
2007, 0.087050257549;
2008, 0.0873213617175;
2009, 0.08655323324;
2010, 0.0864564103226;
2011, 0.0870889867159;
2012, 0.0884832367256;
2013, 0.0910587263268;
2014, 0.0926659867546;
