1988, 0.00914653825796;
1989, 0.0090819896464;
1990, 0.00904971534062;
1991, 0.00872051742167;
1992, 0.00868178825473;
1993, 0.00875924658861;
1994, 0.00906262506293;
1995, 0.00911426395218;
1996, 0.00926272575877;
1997, 0.00937891325958;
1998, 0.00923690631415;
1999, 0.00923045145299;
2000, 0.00916590284143;
2001, 0.00916590284143;
2002, 0.00917881256374;
2003, 0.00910780909103;
2004, 0.00870760769936;
2005, 0.00852687158699;
2006, 0.00828804172422;
2007, 0.00793302436065;
2008, 0.00769419449788;
2009, 0.0073391771343;
2010, 0.00686797226992;
2011, 0.00660977782368;
2012, 0.00628057990473;
2013, 0.00601593059733;
2014, 0.00595783684693;
