1988, 0.058861878881;
1989, 0.057622545539;
1990, 0.0574288997044;
1991, 0.0577839170679;
1992, 0.0588683337421;
1993, 0.0595331844412;
1994, 0.0609016150063;
1995, 0.0623281393217;
1996, 0.0639353997496;
1997, 0.0646067053098;
1998, 0.0661816914318;
1999, 0.0671951046333;
2000, 0.0681439692232;
2001, 0.0728301984224;
2002, 0.0737016046785;
2003, 0.0740888963478;
2004, 0.0736693303727;
2005, 0.0720233407779;
2006, 0.0703386220162;
2007, 0.0686151740876;
2008, 0.0667045351854;
2009, 0.0650004518403;
2010, 0.0636965698868;
2011, 0.0615793754276;
2012, 0.0598301080544;
2013, 0.0585068615174;
2014, 0.0569770594235;
