1988, 0.0134777500936;
1989, 0.013206645925;
1990, 0.0135293889828;
1991, 0.0135100243994;
1992, 0.0140199584307;
1993, 0.0133873820374;
1994, 0.0127031667549;
1995, 0.0119027639715;
1996, 0.0108377118808;
1997, 0.010347142433;
1998, 0.00971456603968;
1999, 0.00877861117207;
2000, 0.00832031603;
2001, 0.00752636810782;
2002, 0.00702934379881;
2003, 0.00710680213269;
2004, 0.0069002465757;
2005, 0.00666787157408;
2006, 0.00615793754276;
2007, 0.00549954170486;
2008, 0.00553181601064;
2009, 0.00541562850983;
2010, 0.00555118059411;
2011, 0.00585455906843;
2012, 0.00568673267838;
2013, 0.00617730212623;
2014, 0.00602238545849;
