1988, 0.0477595176928;
1989, 0.0493667781206;
1990, 0.0505996566014;
1991, 0.0522908302242;
1992, 0.0538722712074;
1993, 0.0556860871923;
1994, 0.0570286983127;
1995, 0.05824221221;
1996, 0.0607789726443;
1997, 0.0597461948593;
1998, 0.0594621809685;
1999, 0.059978569861;
2000, 0.0617665664012;
2001, 0.0633802816901;
2002, 0.0654006532319;
2003, 0.0674274796349;
2004, 0.0693381185371;
2005, 0.0714553129962;
2006, 0.0730819380075;
2007, 0.0735531428719;
2008, 0.0740759866255;
2009, 0.0741534449594;
2010, 0.0744761880172;
2011, 0.0741986289875;
2012, 0.0727785595332;
2013, 0.0708614657699;
2014, 0.0693833025652;
