1988, 0.0145750764901;
1989, 0.0144072501001;
1990, 0.0145169827397;
1991, 0.0147493577413;
1992, 0.0149881876041;
1993, 0.0152592917726;
1994, 0.015110829966;
1995, 0.0154529376073;
1996, 0.0157434063593;
1997, 0.0158918681659;
1998, 0.0156659480255;
1999, 0.0156982223312;
2000, 0.0154852119131;
2001, 0.015317385523;
2002, 0.015233472328;
2003, 0.014820361214;
2004, 0.0145492570455;
2005, 0.0136907605117;
2006, 0.0130130000904;
2007, 0.0120770452228;
2008, 0.0113799202179;
2009, 0.0107925278527;
2010, 0.0101276771537;
2011, 0.00959837853888;
2012, 0.00920463200837;
2013, 0.00912071881334;
2014, 0.00884961464479;
