1988, 0.0132260105085;
1989, 0.0128774480061;
1990, 0.0131937362027;
1991, 0.0134842049548;
1992, 0.0138327674572;
1993, 0.0138714966241;
1994, 0.0138714966241;
1995, 0.013742399401;
1996, 0.013948954958;
1997, 0.0139683195414;
1998, 0.013910225791;
1999, 0.0143878855166;
2000, 0.0144717987116;
2001, 0.0144847084339;
2002, 0.0147751771859;
2003, 0.0150204619099;
2004, 0.0155884896916;
2005, 0.0160984237229;
2006, 0.0166212674765;
2007, 0.0167890938666;
2008, 0.017221569564;
2009, 0.01775732304;
2010, 0.0181833438763;
2011, 0.0185641806845;
2012, 0.0187836459638;
2013, 0.0190224758265;
2014, 0.0194936806909;
