1988, 0.000535753475943;
1989, 0.000535753475943;
1990, 0.000606756948658;
1991, 0.000722944449465;
1992, 0.000703579865997;
1993, 0.000768128477556;
1994, 0.000806857644492;
1995, 0.00085849653374;
1996, 0.000890770839519;
1997, 0.000935954867611;
1998, 0.000981138895702;
1999, 0.00100695834033;
2000, 0.00103277778495;
2001, 0.00116187500807;
2002, 0.00111023611882;
2003, 0.00113605556344;
2004, 0.00116832986922;
2005, 0.00123933334194;
2006, 0.0012457882031;
2007, 0.00140715973199;
2008, 0.00154916667742;
2009, 0.0015814409832;
2010, 0.00145879862124;
2011, 0.0016266250113;
2012, 0.00171699306748;
2013, 0.001904184041;
2014, 0.00199455209718;
