1988, 0.00317579168872;
1989, 0.0035889028027;
1990, 0.00388582641587;
1991, 0.00422147919598;
1992, 0.00453776739262;
1993, 0.00511870489666;
1994, 0.00548663198255;
1995, 0.0060352951808;
1996, 0.0063580382386;
1997, 0.00677114935258;
1998, 0.00704870838228;
1999, 0.0075005486632;
2000, 0.00794593408296;
2001, 0.0085397813093;
2002, 0.00888188895057;
2003, 0.0092433611753;
2004, 0.00974038548431;
2005, 0.0100114896529;
2006, 0.0102890486826;
2007, 0.0101341320148;
2008, 0.0100954028479;
2009, 0.010101857709;
2010, 0.0100502188198;
2011, 0.00955964937194;
2012, 0.00945637159345;
2013, 0.00942409728767;
2014, 0.00937891325958;
