1988, 0.00588037851306;
1989, 0.00605465976427;
1990, 0.00627412504357;
1991, 0.00652586462865;
1992, 0.00693252088148;
1993, 0.00722298963349;
1994, 0.0073972708847;
1995, 0.00773937852597;
1996, 0.0079394792218;
1997, 0.00860432992086;
1998, 0.00906907992409;
1999, 0.00932727437033;
2000, 0.00954673964963;
2001, 0.00975329520662;
2002, 0.00963065284466;
2003, 0.00963065284466;
2004, 0.00959837853888;
2005, 0.00963065284466;
2006, 0.00977911465124;
2007, 0.00959192367772;
2008, 0.00949510076038;
2009, 0.00971456603968;
2010, 0.00964356256697;
2011, 0.009727475762;
2012, 0.0100373090975;
2013, 0.0103794167387;
2014, 0.0105924271569;
