1989, 0.0152463820503;
1990, 0.0154206633015;
1991, 0.0155045764966;
1992, 0.015730496637;
1993, 0.0159757813609;
1994, 0.0161952466402;
1995, 0.0166793612269;
1996, 0.0173377570648;
1997, 0.0179832431804;
1998, 0.0183318056829;
1999, 0.0188675591588;
2000, 0.0190676598546;
2001, 0.019454951524;
2002, 0.0198164237487;
2003, 0.0204425452809;
2004, 0.0217012432063;
2005, 0.022353184183;
2006, 0.0230954932159;
2007, 0.0240379029447;
2008, 0.0251997779528;
2009, 0.0260582744865;
2010, 0.0266908508798;
2011, 0.0270135939376;
2012, 0.0280270071391;
2013, 0.0285692154762;
2014, 0.0285304863092;
