1988, 0.00885606950594;
1989, 0.00913362853565;
1990, 0.00903035075716;
1991, 0.00904326047947;
1992, 0.00888834381172;
1993, 0.00891416325635;
1994, 0.00875924658861;
1995, 0.00872697228283;
1996, 0.00841713894734;
1997, 0.00809439588954;
1998, 0.00777165283175;
1999, 0.00742309032933;
2000, 0.00700997921535;
2001, 0.00688088199223;
2002, 0.00645486115594;
2003, 0.00626767018241;
2004, 0.00615148268161;
2005, 0.00610629865352;
2006, 0.00611920837583;
2007, 0.00606756948658;
2008, 0.00617084726508;
2009, 0.00648068060056;
2010, 0.00643549657247;
2011, 0.00660332296252;
2012, 0.0067388750468;
2013, 0.00684215282529;
2014, 0.00696479518726;
