1988, 0.00142652431546;
1989, 0.00156853126089;
1990, 0.00158789584436;
1991, 0.0015814409832;
1992, 0.00159435070552;
1993, 0.00170408334517;
1994, 0.00172344792864;
1995, 0.00180736112366;
1996, 0.00179445140135;
1997, 0.0018460902906;
1998, 0.0017428125121;
1999, 0.00169117362286;
2000, 0.00169117362286;
2001, 0.00165889931708;
2002, 0.00178799654019;
2003, 0.00180736112366;
2004, 0.00166535417823;
2005, 0.00170408334517;
2006, 0.0016847187617;
2007, 0.0017428125121;
2008, 0.00180736112366;
2009, 0.00189772917985;
2010, 0.00189772917985;
2011, 0.00200100695834;
2012, 0.00203328126412;
2013, 0.00215592362608;
2014, 0.0022269270988;
