1988, 0.14228450446;
1989, 0.139399181524;
1990, 0.134900143298;
1991, 0.130291372433;
1992, 0.126011799486;
1993, 0.122351893211;
1994, 0.119879681388;
1995, 0.117910948735;
1996, 0.117362285537;
1997, 0.1183821536;
1998, 0.118556434851;
1999, 0.118362789016;
2000, 0.118388608461;
2001, 0.118801719575;
2002, 0.120402525142;
2003, 0.121777410568;
2004, 0.122384167517;
2005, 0.122061424459;
2006, 0.12190005293;
2007, 0.120931823756;
2008, 0.120434799447;
2009, 0.120454164031;
2010, 0.120977007785;
2011, 0.12134493487;
2012, 0.121841959179;
2013, 0.122016240431;
2014, 0.121809684874;
