1988, 0.00604175004196;
1989, 0.00623539587663;
1990, 0.00634512851629;
1991, 0.00646777087825;
1992, 0.00648713546172;
1993, 0.00677760421373;
1994, 0.00713262157731;
1995, 0.00737145144008;
1996, 0.00756509727476;
1997, 0.00835904519694;
1998, 0.00890770839519;
1999, 0.00917235770259;
2000, 0.00938536812073;
2001, 0.00959192367772;
2002, 0.00989530215205;
2003, 0.0101083125702;
2004, 0.0102955035437;
2005, 0.0104052361834;
2006, 0.0107021597965;
2007, 0.0104052361834;
2008, 0.0103729618776;
2009, 0.0103406875718;
2010, 0.0103213229883;
2011, 0.0104504202115;
2012, 0.0104956042396;
2013, 0.010598882018;
2014, 0.0106763403519;
