1988, 0.0124901563367;
1989, 0.0121351389732;
1990, 0.012212597307;
1991, 0.0119092188327;
1992, 0.012251326474;
1993, 0.0123481493913;
1994, 0.0136843056506;
1995, 0.0137036702341;
1996, 0.0135422987052;
1997, 0.0140393230142;
1998, 0.0142071494042;
1999, 0.0143491563496;
2000, 0.0140974167646;
2001, 0.0144072501001;
2002, 0.0140393230142;
2003, 0.0133873820374;
2004, 0.0130969132854;
2005, 0.0123997882806;
2006, 0.0121028646674;
2007, 0.0115542014691;
2008, 0.0110636320213;
2009, 0.0108248021585;
2010, 0.0108118924362;
2011, 0.0104568750726;
2012, 0.00977265979009;
2013, 0.00941764242651;
2014, 0.00917881256374;
