1988, 0.0321903925847;
1989, 0.032868153006;
1990, 0.0329004273118;
1991, 0.0332748092589;
1992, 0.0331715314804;
1993, 0.0335071842605;
1994, 0.0336750106505;
1995, 0.0340558474587;
1996, 0.0345786912124;
1997, 0.0347594273247;
1998, 0.0347852467693;
1999, 0.0332231703696;
2000, 0.0323065800855;
2001, 0.0315061773021;
2002, 0.0301958404875;
2003, 0.0298214585404;
2004, 0.0282852015853;
2005, 0.0329585210622;
2006, 0.0329004273118;
2007, 0.0318031009153;
2008, 0.031254437717;
2009, 0.0300473786809;
2010, 0.0295245349273;
2011, 0.0292986147868;
2012, 0.0287757710332;
2013, 0.0293954377041;
2014, 0.0294922606215;
