1988, 0.00576419101225;
1989, 0.00602238545849;
1990, 0.00631285421051;
1991, 0.00660977782368;
1992, 0.00688088199223;
1993, 0.00707452782691;
1994, 0.00760382644169;
1995, 0.00807503130608;
1996, 0.00821058339035;
1997, 0.00860432992086;
1998, 0.00897225700675;
1999, 0.00948864589923;
2000, 0.0101276771537;
2001, 0.0104116910445;
2002, 0.0107408889635;
2003, 0.0109022604924;
2004, 0.0112508229948;
2005, 0.0116252049418;
2006, 0.0120770452228;
2007, 0.012625708421;
2008, 0.0132260105085;
2009, 0.0133034688424;
2010, 0.0136391216225;
2011, 0.0141426007927;
2012, 0.0141619653761;
2013, 0.0145686216289;
2014, 0.0148913646867;
