1988, 0.0362505002517;
1989, 0.0346238752404;
1990, 0.0326099585598;
1991, 0.0311576147997;
1992, 0.029472896038;
1993, 0.0279366390829;
1994, 0.0266650314352;
1995, 0.025787170318;
1996, 0.0249286737842;
1997, 0.0246382050322;
1998, 0.0245994758653;
1999, 0.0241928196125;
2000, 0.0242121841959;
2001, 0.0244832883645;
2002, 0.0252385071197;
2003, 0.0253030557313;
2004, 0.0256064342056;
2005, 0.0256580730948;
2006, 0.0258839932353;
2007, 0.0258904480965;
2008, 0.0258839932353;
2009, 0.0262196460154;
2010, 0.0263487432385;
2011, 0.0263616529608;
2012, 0.0262519203212;
2013, 0.0263035592104;
2014, 0.0259485418469;
