1992, 0.000522843753631;
1993, 0.00058739236519;
1994, 0.000600302087502;
1995, 0.000593847226346;
1996, 0.00061966667097;
1997, 0.000639031254438;
1998, 0.000561572920566;
1999, 0.000574482642878;
2000, 0.000593847226346;
2001, 0.000645486115594;
2002, 0.000613211809814;
2003, 0.000580937504034;
2004, 0.000697125004841;
2005, 0.000697125004841;
2006, 0.000677760421373;
2007, 0.000639031254438;
2008, 0.000664850699061;
2009, 0.000722944449465;
2010, 0.000716489588309;
2011, 0.000800402783336;
2012, 0.000806857644492;
2013, 0.000819767366804;
2014, 0.000839131950272;
