1988, 0.0107667084081;
1989, 0.0104375104891;
1990, 0.0100114896529;
1991, 0.00977265979009;
1992, 0.00931436464802;
1993, 0.0089658021456;
1994, 0.00867533339358;
1995, 0.00849459728121;
1996, 0.00819767366804;
1997, 0.00815248963995;
1998, 0.00825576741844;
1999, 0.00857851047624;
2000, 0.00861078478202;
2001, 0.00875924658861;
2002, 0.00903680561831;
2003, 0.00912071881334;
2004, 0.0093466389538;
2005, 0.00934018409264;
2006, 0.00938536812073;
2007, 0.00910135422987;
2008, 0.00899162159022;
2009, 0.00900453131253;
2010, 0.00905617020178;
2011, 0.00879797575554;
2012, 0.00893998270097;
2013, 0.00892707297866;
2014, 0.00897871186791;
