1988, 0.000929500006455;
1989, 0.000871406256051;
1990, 0.000877861117207;
1991, 0.000948864589923;
1992, 0.000929500006455;
1993, 0.000916590284143;
1994, 0.000929500006455;
1995, 0.000916590284143;
1996, 0.000974684034546;
1997, 0.00104568750726;
1998, 0.00101986806264;
1999, 0.00111023611882;
2000, 0.00113605556344;
2001, 0.00116832986922;
2002, 0.00121351389732;
2003, 0.00123287848078;
2004, 0.00123933334194;
2005, 0.00131033681466;
2006, 0.00135552084275;
2007, 0.00149107292702;
2008, 0.00160080556667;
2009, 0.00167180903939;
2010, 0.00177508681788;
2011, 0.0018460902906;
2012, 0.001904184041;
2013, 0.001904184041;
2014, 0.00199455209718;
