1988, 0.0021236493203;
1989, 0.00213655904261;
1990, 0.00211719445915;
1991, 0.00195582293025;
1992, 0.00185900001291;
1993, 0.00202682640296;
1994, 0.00216883334839;
1995, 0.00218174307071;
1996, 0.00240120835001;
1997, 0.0025044861285;
1998, 0.00264003821278;
1999, 0.00251739585082;
2000, 0.00253676043428;
2001, 0.00276268057474;
2002, 0.00273686113012;
2003, 0.00282077432514;
2004, 0.00282077432514;
2005, 0.00287886807555;
2006, 0.00309187849369;
2007, 0.00319515627219;
2008, 0.00325970488375;
2009, 0.00331779863415;
2010, 0.00338234724571;
2011, 0.0033694375234;
2012, 0.00355662849692;
2013, 0.00353726391345;
2014, 0.00372445488698;
