1988, 0.00162017015014;
1989, 0.00167180903939;
1990, 0.00180736112366;
1991, 0.00188481945753;
1992, 0.00191063890216;
1993, 0.00185254515175;
1994, 0.00183963542944;
1995, 0.00170408334517;
1996, 0.00169117362286;
1997, 0.00166535417823;
1998, 0.00179445140135;
1999, 0.00186545487407;
2000, 0.00197518751372;
2001, 0.00213655904261;
2002, 0.0022850208492;
2003, 0.0023431145996;
2004, 0.00239475348885;
2005, 0.00254967015659;
2006, 0.00256257987891;
2007, 0.00251739585082;
2008, 0.00247866668388;
2009, 0.00264003821278;
2010, 0.00268522224087;
2011, 0.0028272291863;
2012, 0.00274977085243;
2013, 0.00296923613173;
2014, 0.00310478821601;
