1988, 0.00431184725217;
1989, 0.00422147919598;
1990, 0.00409238197286;
1991, 0.00424084377945;
1992, 0.00422793405714;
1993, 0.00433121183563;
1994, 0.00446030905875;
1995, 0.00434412155795;
1996, 0.00438930558604;
1997, 0.00431830211332;
1998, 0.00434412155795;
1999, 0.00444094447528;
2000, 0.00459586114303;
2001, 0.00448612850338;
2002, 0.00453776739262;
2003, 0.00431830211332;
2004, 0.00450549308684;
2005, 0.00462813544881;
2006, 0.00456358683725;
2007, 0.00462168058765;
2008, 0.00463459030996;
2009, 0.00481532642233;
2010, 0.00493796878429;
2011, 0.00493796878429;
2012, 0.0050541562851;
2013, 0.00518325350822;
2014, 0.0053317153148;
