1988, 0.009023895896;
1989, 0.00911426395218;
1990, 0.00937245839842;
1991, 0.00966292715044;
1992, 0.0100566736809;
1993, 0.0106698854908;
1994, 0.0109345347982;
1995, 0.0117736667484;
1996, 0.0116897535534;
1997, 0.0121803230013;
1998, 0.0122577813351;
1999, 0.0126644375879;
2000, 0.0129613612011;
2001, 0.0136972153729;
2002, 0.0144137049612;
2003, 0.0154529376073;
2004, 0.0165825383096;
2005, 0.0174087605376;
2006, 0.0182414376267;
2007, 0.0187901008249;
2008, 0.0194936806909;
2009, 0.0204683647255;
2010, 0.0213074966757;
2011, 0.021856159874;
2012, 0.02255973974;
2013, 0.0235408786357;
2014, 0.0237797084985;
