1988, 0.0226501077962;
1989, 0.0222757258491;
1990, 0.0217528820955;
1991, 0.020946024451;
1992, 0.0205780973651;
1993, 0.0197776945818;
1994, 0.0193452188843;
1995, 0.0190482952712;
1996, 0.0190353855489;
1997, 0.0192548508282;
1998, 0.0194420418017;
1999, 0.019454951524;
2000, 0.0195001355521;
2001, 0.0191967570778;
2002, 0.0190805695769;
2003, 0.0193193994397;
2004, 0.0192806702728;
2005, 0.019248395967;
2006, 0.0187836459638;
2007, 0.0188030105472;
2008, 0.0187255522134;
2009, 0.0188675591588;
2010, 0.0186480938795;
2011, 0.0186416390183;
2012, 0.0184996320729;
2013, 0.0183253508217;
2014, 0.0182478924878;
