1988, 0.0105278785453;
1989, 0.010928079937;
1990, 0.0113799202179;
1991, 0.0114121945237;
1992, 0.0117994861931;
1993, 0.0120576806393;
1994, 0.0122061424459;
1995, 0.0122900556409;
1996, 0.0124901563367;
1997, 0.0127160764772;
1998, 0.0129678160623;
1999, 0.0135487535663;
2000, 0.0138004931514;
2001, 0.0142200591265;
2002, 0.0143943403777;
2003, 0.0145621667678;
2004, 0.0147558126025;
2005, 0.0149365487148;
2006, 0.0153496598288;
2007, 0.0163372535857;
2008, 0.0172667535921;
2009, 0.0176088612334;
2010, 0.0185641806845;
2011, 0.0190612049935;
2012, 0.0195646841636;
2013, 0.0199390661107;
2014, 0.0204167258362;
