1988, 0.00264003821278;
1989, 0.00273040626896;
1990, 0.00281431946399;
1991, 0.00278204515821;
1992, 0.00287241321439;
1993, 0.00293696182595;
1994, 0.00302732988213;
1995, 0.00343398613496;
1996, 0.00349207988536;
1997, 0.00351789932999;
1998, 0.00345980557958;
1999, 0.00345335071843;
2000, 0.00344689585727;
2001, 0.00360181252501;
2002, 0.00369863544235;
2003, 0.00360181252501;
2004, 0.00362763196964;
2005, 0.0036921805812;
2006, 0.003808368082;
2007, 0.00388582641587;
2008, 0.00417629516789;
2009, 0.00427311808523;
2010, 0.00431830211332;
2011, 0.00452485767031;
2012, 0.00461522572649;
2013, 0.0101728611818;
2014, 0.0104697847949;
