1988, 0.00482823614464;
1989, 0.00466686461574;
1990, 0.00454422225378;
1991, 0.00460877086534;
1992, 0.00469913892152;
1993, 0.00486051045042;
1994, 0.00497024309007;
1995, 0.0051122500355;
1996, 0.00519616323053;
1997, 0.00540917364867;
1998, 0.00555118059411;
1999, 0.00579001045688;
2000, 0.0058739236519;
2001, 0.00631285421051;
2002, 0.00638385768322;
2003, 0.00640967712784;
2004, 0.00671305560217;
2005, 0.00693897574263;
2006, 0.00710034727153;
2007, 0.00713907643847;
2008, 0.0073391771343;
2009, 0.00755218755245;
2010, 0.00769419449788;
2011, 0.00777165283175;
2012, 0.00799757297221;
2013, 0.00828158686307;
2014, 0.0082622222796;
