1988, 0.0105795174346;
1989, 0.0109345347982;
1990, 0.0111927292444;
1991, 0.0115606563303;
1992, 0.0117413924426;
1993, 0.0115606563303;
1994, 0.0114961077187;
1995, 0.0112443681336;
1996, 0.011011993132;
1997, 0.0106634306296;
1998, 0.0101664063206;
1999, 0.00972102090084;
2000, 0.00933372923148;
2001, 0.00883670492248;
2002, 0.00844941325312;
2003, 0.00846232297543;
2004, 0.00795238894411;
2005, 0.00766837505325;
2006, 0.00775874310944;
2007, 0.00764255560863;
2008, 0.00742954519048;
2009, 0.00742954519048;
2010, 0.00730044796736;
2011, 0.00739081602355;
2012, 0.00749409380204;
2013, 0.00756509727476;
2014, 0.0076619201921;
