1988, 0.0242960973909;
1989, 0.0243477362802;
1990, 0.0247027536438;
1991, 0.0253546946205;
1992, 0.0259872710138;
1993, 0.0258323543461;
1994, 0.025167503647;
1995, 0.0250190418404;
1996, 0.0254256980932;
1997, 0.0251997779528;
1998, 0.0275751668582;
1999, 0.0267231251856;
2000, 0.0261163682369;
2001, 0.025787170318;
2002, 0.0248963994784;
2003, 0.0246962987826;
2004, 0.0239281703051;
2005, 0.0229793057151;
2006, 0.0226307432127;
2007, 0.0230696737713;
2008, 0.0231858612721;
2009, 0.0234376008572;
2010, 0.0233278682176;
2011, 0.0226049237681;
2012, 0.0221530834872;
2013, 0.0219142536244;
2014, 0.021940073069;
