1988, 0.29294096384;
1989, 0.295187255522;
1990, 0.297962845819;
1991, 0.303791585443;
1992, 0.309381495204;
1993, 0.313841804263;
1994, 0.318289203599;
1995, 0.320212752224;
1996, 0.321690915428;
1997, 0.322891519603;
1998, 0.325170085591;
1999, 0.325602561289;
2000, 0.327222731439;
2001, 0.328249054363;
2002, 0.34962109965;
2003, 0.360058610139;
2004, 0.365074037257;
2005, 0.369005047701;
2006, 0.372413214392;
2007, 0.374272214405;
2008, 0.374820877603;
2009, 0.37804185332;
2010, 0.383664037387;
2011, 0.389912342986;
2012, 0.396741586088;
2013, 0.400059384723;
2014, 0.401208350008;
