1988, 0.0285498508927;
1989, 0.0276784446367;
1990, 0.0270587779657;
1991, 0.0267037606021;
1992, 0.0263487432385;
1993, 0.0261680071262;
1994, 0.0260001807361;
1995, 0.025580614761;
1996, 0.0254902467048;
1997, 0.0254256980932;
1998, 0.0255870696221;
1999, 0.0256451633725;
2000, 0.0257936251791;
2001, 0.025541885594;
2002, 0.0251997779528;
2003, 0.0252385071197;
2004, 0.024877034895;
2005, 0.0246317501711;
2006, 0.0237667987762;
2007, 0.023140677244;
2008, 0.02255973974;
2009, 0.0224887362673;
2010, 0.0224112779334;
2011, 0.0226307432127;
2012, 0.0223660939053;
2013, 0.0222628161268;
2014, 0.0219529827913;
