1988, 0.00737790630124;
1989, 0.00761028130285;
1990, 0.00759737158054;
1991, 0.00781038199868;
1992, 0.00775874310944;
1993, 0.00791365977718;
1994, 0.00819121880688;
1995, 0.00855269103162;
1996, 0.00839131950272;
1997, 0.00833322575231;
1998, 0.00874633686629;
1999, 0.00897871186791;
2000, 0.00919817714721;
2001, 0.00965647228928;
2002, 0.0100502188198;
2003, 0.0103858715999;
2004, 0.0107860729916;
2005, 0.0108764410478;
2006, 0.0110571771601;
2007, 0.0115283820245;
2008, 0.0120964098062;
2009, 0.0122190521682;
2010, 0.0124449723086;
2011, 0.0127612605053;
2012, 0.0131291875912;
2013, 0.0133744723151;
2014, 0.0135100243994;
