1988, 0.00522198267515;
1989, 0.00530589587018;
1990, 0.00531235073134;
1991, 0.00532526045365;
1992, 0.00528007642556;
1993, 0.0052736215644;
1994, 0.005215527814;
1995, 0.00515097920244;
1996, 0.0111991841055;
1997, 0.0119156736939;
1998, 0.0110765417436;
1999, 0.0102825938214;
2000, 0.00974038548431;
2001, 0.00938536812073;
2002, 0.0088044306167;
2003, 0.00828158686307;
2004, 0.00781683685984;
2005, 0.00751991324667;
2006, 0.00694543060379;
2007, 0.00686151740876;
2008, 0.00668078129639;
2009, 0.00644840629478;
2010, 0.00670660074102;
2011, 0.0068550625476;
2012, 0.00722944449465;
2013, 0.0077781076929;
2014, 0.00817185422342;
