1988, 0.0662397851822;
1989, 0.0670853719936;
1990, 0.0687313615884;
1991, 0.0704741741005;
1992, 0.0742502678767;
1993, 0.0767353894218;
1994, 0.0790914137437;
1995, 0.0804985734757;
1996, 0.0836743651644;
1997, 0.0844941325312;
1998, 0.0851331637856;
1999, 0.083945469333;
2000, 0.0826609519629;
2001, 0.0813506151483;
2002, 0.0791107783272;
2003, 0.077697163734;
2004, 0.0763545526136;
2005, 0.0733401324538;
2006, 0.0705903616013;
2007, 0.0687894553388;
2008, 0.0666658060185;
2009, 0.0661042330979;
2010, 0.0654135629543;
2011, 0.0661687817095;
2012, 0.0674468442184;
2013, 0.0679180490828;
2014, 0.0682859761687;
