1988, 0.0710292921599;
1989, 0.0752378616336;
1990, 0.0790075005487;
1991, 0.0820348304308;
1992, 0.085810924207;
1993, 0.088915712423;
1994, 0.0922141464737;
1995, 0.0934728443991;
1996, 0.0965582680317;
1997, 0.095577129136;
1998, 0.0951188339939;
1999, 0.0938278617627;
2000, 0.0938020423181;
2001, 0.094253882599;
2002, 0.0935309381495;
2003, 0.0933566568983;
2004, 0.0935696673165;
2005, 0.0927563548108;
2006, 0.0917042124424;
2007, 0.0908134416029;
2008, 0.0904196950724;
2009, 0.0902002297931;
2010, 0.0905617020178;
2011, 0.0907811672971;
2012, 0.0908069867417;
2013, 0.0908328061863;
2014, 0.0904003304889;
