1988, 0.026161552265;
1989, 0.0277881772763;
1990, 0.0283239307522;
1991, 0.0291178786744;
1992, 0.0298795522908;
1993, 0.0307122293799;
1994, 0.0312479828559;
1995, 0.0317643717484;
1996, 0.0325389550871;
1997, 0.0323388543912;
1998, 0.0323001252243;
1999, 0.0322743057797;
2000, 0.0332683543977;
2001, 0.0337653787067;
2002, 0.0343269516273;
2003, 0.035308090523;
2004, 0.0354049134403;
2005, 0.0458036947625;
2006, 0.0460747989311;
2007, 0.0463652676831;
2008, 0.0470817572714;
2009, 0.0480370767225;
2010, 0.0479725281109;
2011, 0.0483727295026;
2012, 0.0485470107538;
2013, 0.0481726288068;
2014, 0.0472883128284;
