1988, 0.00226565626573;
1989, 0.00234956946076;
1990, 0.00247866668388;
1991, 0.00263358335162;
1992, 0.00284659376977;
1993, 0.00305314932676;
1994, 0.00311769793832;
1995, 0.00319515627219;
1996, 0.00473786808846;
1997, 0.00498315281238;
1998, 0.00515743406359;
1999, 0.0054349930933;
2000, 0.00549954170486;
2001, 0.00573191670647;
2002, 0.00593201740231;
2003, 0.0060352951808;
2004, 0.00620957643201;
2005, 0.0062547604601;
2006, 0.00626121532126;
2007, 0.00652586462865;
2008, 0.00702288893766;
2009, 0.00721007991118;
2010, 0.00768128477556;
2011, 0.00789429519371;
2012, 0.00816539936226;
2013, 0.0086430590878;
2014, 0.00908844450756;
