1988, 0.0123868785582;
1989, 0.0127160764772;
1990, 0.012457882031;
1991, 0.0123739688359;
1992, 0.0124126980029;
1993, 0.0117220278592;
1994, 0.0111217257717;
1995, 0.0107602535469;
1996, 0.0100243993752;
1997, 0.00975975006778;
1998, 0.00952092020501;
1999, 0.00860432992086;
2000, 0.00795884380527;
2001, 0.00778456255406;
2002, 0.00790075005487;
2003, 0.00758446185823;
2004, 0.00764901046978;
2005, 0.00741663546817;
2006, 0.00712616671615;
2007, 0.00710034727153;
2008, 0.00720362505003;
2009, 0.00724235421696;
2010, 0.00731981255083;
2011, 0.0076619201921;
2012, 0.00737145144008;
2013, 0.00682924310298;
2014, 0.00713907643847;
