1988, 0.0201456216677;
1989, 0.0205393681982;
1990, 0.020739468894;
1991, 0.0210557570907;
1992, 0.0211267605634;
1993, 0.0213074966757;
1994, 0.0216431494559;
1995, 0.0220691702921;
1996, 0.0224951911284;
1997, 0.0234505105795;
1998, 0.0244768335033;
1999, 0.0248899446173;
2000, 0.0252643265643;
2001, 0.0431636565497;
2002, 0.0444417190586;
2003, 0.0460102503195;
2004, 0.0468106531029;
2005, 0.0475787815804;
2006, 0.0485599204761;
2007, 0.0490182156182;
2008, 0.049218316314;
2009, 0.0498702572908;
2010, 0.0506835697964;
2011, 0.0517873510541;
2012, 0.0529363163398;
2013, 0.0537431739843;
2014, 0.0545435767677;
