1988, 0.0156207639974;
1989, 0.0155562153858;
1990, 0.0156143091362;
1991, 0.0159305973329;
1992, 0.0159047778882;
1993, 0.015149559133;
1994, 0.0144588889893;
1995, 0.0140522327365;
1996, 0.0135164792605;
1997, 0.0134906598159;
1998, 0.0128968125896;
1999, 0.0124837014756;
2000, 0.0120641355004;
2001, 0.0112960070229;
2002, 0.0113089167452;
2003, 0.0102503195156;
2004, 0.00980493409587;
2005, 0.0145686216289;
2006, 0.0144717987116;
2007, 0.0137682188456;
2008, 0.0142781528769;
2009, 0.0148978195479;
2010, 0.0151753785776;
2011, 0.0149171841314;
2012, 0.0153302952453;
2013, 0.0156401285808;
2014, 0.0157563160816;
