1988, 0.00746181949626;
1989, 0.00779101741522;
1990, 0.00815248963995;
1991, 0.00848814242006;
1992, 0.00879152089439;
1993, 0.00906262506293;
1994, 0.00887543408941;
1995, 0.00879152089439;
1996, 0.00879152089439;
1997, 0.00872697228283;
1998, 0.00874633686629;
1999, 0.00872051742167;
2000, 0.0086430590878;
2001, 0.00848814242006;
2002, 0.00875279172745;
2003, 0.00908844450756;
2004, 0.00937891325958;
2005, 0.00983075354049;
2006, 0.0101147674314;
2007, 0.01055369799;
2008, 0.0108699861866;
2009, 0.0110055382709;
2010, 0.0110378125767;
2011, 0.0111410903551;
2012, 0.0107602535469;
2013, 0.0105859722957;
2014, 0.010431055628;
