1988, 0.031958017583;
1989, 0.0335459134274;
1990, 0.0344237745446;
1991, 0.0352887259395;
1992, 0.0358696634435;
1993, 0.0364828752534;
1994, 0.0361149481675;
1995, 0.0358502988601;
1996, 0.0362505002517;
1997, 0.03456578149;
1998, 0.0330617988407;
1999, 0.0322097571681;
2000, 0.0315642710525;
2001, 0.0308929654923;
2002, 0.0301054724313;
2003, 0.0297181807619;
2004, 0.0295955384;
2005, 0.0294406217322;
2006, 0.0291566078414;
2007, 0.0288855036728;
2008, 0.0289565071455;
2009, 0.0289629620067;
2010, 0.0293244342314;
2011, 0.0296407224281;
2012, 0.0298343682627;
2013, 0.030092562709;
2014, 0.0297891842346;
