1988, 1.93645834678e-05;
1989, 1.93645834678e-05;
1990, 1.29097223119e-05;
1991, 1.93645834678e-05;
1992, 1.93645834678e-05;
1993, 4.51840280916e-05;
1994, 3.87291669356e-05;
1995, 5.16388892475e-05;
1996, 3.22743057797e-05;
1997, 3.22743057797e-05;
1998, 4.51840280916e-05;
1999, 3.87291669356e-05;
2000, 3.22743057797e-05;
2001, 6.45486115594e-05;
2002, 3.87291669356e-05;
2003, 3.22743057797e-05;
2004, 4.51840280916e-05;
2005, 5.16388892475e-05;
2006, 4.51840280916e-05;
2007, 5.16388892475e-05;
2008, 5.16388892475e-05;
2009, 5.16388892475e-05;
2010, 6.45486115594e-05;
2011, 5.80937504034e-05;
2012, 9.03680561831e-05;
2013, 7.10034727153e-05;
2014, 7.10034727153e-05;
