1988, 0.00513161461897;
1989, 0.005215527814;
1990, 0.00557700003873;
1991, 0.00637740282207;
1992, 0.00631285421051;
1993, 0.00665496185177;
1994, 0.0070164340765;
1995, 0.00729399310621;
1996, 0.00739081602355;
1997, 0.00761028130285;
1998, 0.00764901046978;
1999, 0.00789429519371;
2000, 0.00793302436065;
2001, 0.00827513200191;
2002, 0.00855269103162;
2003, 0.00904971534062;
2004, 0.0092433611753;
2005, 0.00943700700998;
2006, 0.00971456603968;
2007, 0.0120124966112;
2008, 0.0123804236971;
2009, 0.0126708924491;
2010, 0.01295490634;
2011, 0.0131679167581;
2012, 0.0134261112043;
2013, 0.0139425000968;
2014, 0.014116781348;
