1988, 0.0184092640167;
1989, 0.0186158195737;
1990, 0.0243671008637;
1991, 0.024134725862;
1992, 0.0226242883516;
1993, 0.0225855591846;
1994, 0.0225403751565;
1995, 0.0225791043235;
1996, 0.0224112779334;
1997, 0.0221724480706;
1998, 0.0225855591846;
1999, 0.0231342223829;
2000, 0.0230180348821;
2001, 0.0236828855811;
2002, 0.0243929203083;
2003, 0.0243735557248;
2004, 0.024050812667;
2005, 0.0245994758653;
2006, 0.0238571668323;
2007, 0.0227792050193;
2008, 0.0219981668194;
2009, 0.0222369966822;
2010, 0.02127522237;
2011, 0.0207007397271;
2012, 0.0197906043041;
2013, 0.0191903022166;
2014, 0.0189837466596;
