1988, 0.0273944307458;
1989, 0.0280592814449;
1990, 0.0286660383935;
1991, 0.0289371425621;
1992, 0.0289177779786;
1993, 0.028975871729;
1994, 0.0292147015918;
1995, 0.0299763752082;
1996, 0.0306864099353;
1997, 0.031912833555;
1998, 0.0334555453712;
1999, 0.0345786912124;
2000, 0.0356631078865;
2001, 0.0367281599773;
2002, 0.0374511044267;
2003, 0.0381159551258;
2004, 0.0386775280464;
2005, 0.0394133822181;
2006, 0.0403106079188;
2007, 0.0405558926427;
2008, 0.0406010766708;
2009, 0.0407753579221;
2010, 0.0414918475104;
2011, 0.0419565975136;
2012, 0.0428280037696;
2013, 0.0438220523877;
2014, 0.0445643614206;
