1988, 0.000871406256051;
1989, 0.000871406256051;
1990, 0.000910135422987;
1991, 0.000916590284143;
1992, 0.000923045145299;
1993, 0.000923045145299;
1994, 0.000923045145299;
1995, 0.000942409728767;
1996, 0.000935954867611;
1997, 0.000948864589923;
1998, 0.000871406256051;
1999, 0.000910135422987;
2000, 0.000955319451079;
2001, 0.000987593756858;
2002, 0.000961774312235;
2003, 0.000884315978363;
2004, 0.000897225700675;
2005, 0.00085849653374;
2006, 0.000877861117207;
2007, 0.000832677089116;
2008, 0.000806857644492;
2009, 0.000768128477556;
2010, 0.000722944449465;
2011, 0.000645486115594;
2012, 0.00061966667097;
2013, 0.000645486115594;
2014, 0.000626121532126;
