1988, 0.0201908056958;
1989, 0.0201391668065;
1990, 0.0206232813932;
1991, 0.0208556563948;
1992, 0.0213010418146;
1993, 0.0216689689005;
1994, 0.0226952918243;
1995, 0.0235989723861;
1996, 0.0242057293348;
1997, 0.0267618543525;
1998, 0.0285821251985;
1999, 0.030176475904;
2000, 0.0311769793832;
2001, 0.0319644724442;
2002, 0.0327648752275;
2003, 0.0335265488439;
2004, 0.033487819677;
2005, 0.0332167155084;
2006, 0.0332618995365;
2007, 0.0314416286906;
2008, 0.0304088509056;
2009, 0.0296342675669;
2010, 0.0292147015918;
2011, 0.0288274099224;
2012, 0.0281948335291;
2013, 0.0277429932482;
2014, 0.0278269064432;
