1988, 0.0239152605827;
1989, 0.0240379029447;
1990, 0.0241153612786;
1991, 0.0235666980803;
1992, 0.0231148577994;
1993, 0.022682382102;
1994, 0.0222111772376;
1995, 0.0215334168162;
1996, 0.0209912084791;
1997, 0.0207330140329;
1998, 0.0206426459767;
1999, 0.0203715418081;
2000, 0.0199326112495;
2001, 0.0196356876364;
2002, 0.0194807709686;
2003, 0.019538864719;
2004, 0.0193258543009;
2005, 0.0196098681917;
2006, 0.0194033126347;
2007, 0.0204360904197;
2008, 0.0211009411188;
2009, 0.0213462258427;
2010, 0.0216044202889;
2011, 0.0219207084856;
2012, 0.0223596390442;
2013, 0.0228760279366;
2014, 0.0232762293283;
