1988, 0.00020655555699;
1989, 0.000200100695834;
1990, 0.000161371528898;
1991, 0.000232375001614;
1992, 0.000213010418146;
1993, 0.00020655555699;
1994, 0.000167826390054;
1995, 0.000200100695834;
1996, 0.000187190973522;
1997, 0.000251739585082;
1998, 0.000303378474329;
1999, 0.000329197918953;
2000, 0.000374381947044;
2001, 0.000387291669356;
2002, 0.000438930558604;
2003, 0.000471204864383;
2004, 0.000503479170163;
2005, 0.000522843753631;
2006, 0.000516388892475;
2007, 0.000529298614787;
2008, 0.000561572920566;
2009, 0.000542208337099;
2010, 0.000503479170163;
2011, 0.000632576393282;
2012, 0.000632576393282;
2013, 0.000703579865997;
2014, 0.00065194097675;
