1988, 0.00378254863738;
1989, 0.00396328474975;
1990, 0.00386000697125;
1991, 0.00391810072165;
1992, 0.00406010766708;
1993, 0.00413756600096;
1994, 0.00422147919598;
1995, 0.00417629516789;
1996, 0.00423438891829;
1997, 0.0044086701695;
1998, 0.00458940628187;
1999, 0.00479596183886;
2000, 0.00497024309007;
2001, 0.00509288545203;
2002, 0.0050541562851;
2003, 0.00515743406359;
2004, 0.00528653128671;
2005, 0.00557054517757;
2006, 0.00585455906843;
2007, 0.00622248615432;
2008, 0.00653877435096;
2009, 0.00680342365836;
2010, 0.00703579865997;
2011, 0.00724880907812;
2012, 0.00768773963672;
2013, 0.00804921186145;
2014, 0.00830095144653;
