1988, 0.00141361459315;
1989, 0.0014652534824;
1990, 0.0015233472328;
1991, 0.00156207639974;
1992, 0.00141361459315;
1993, 0.00149107292702;
1994, 0.00147816320471;
1995, 0.00173635765095;
1996, 0.00203328126412;
1997, 0.00215592362608;
1998, 0.00233665973845;
1999, 0.00235602432192;
2000, 0.00226565626573;
2001, 0.00225274654342;
2002, 0.00242057293348;
2003, 0.00260130904584;
2004, 0.00265294793509;
2005, 0.00269813196318;
2006, 0.00269813196318;
2007, 0.00262712849047;
2008, 0.00265940279625;
2009, 0.00265940279625;
2010, 0.00281431946399;
2011, 0.00302732988213;
2012, 0.00327906946722;
2013, 0.00338234724571;
2014, 0.00345335071843;
