1988, 0.00584164934612;
1989, 0.00591265281884;
1990, 0.00602238545849;
1991, 0.00606111462542;
1992, 0.00591910767999;
1993, 0.00594492712462;
1994, 0.00582228476265;
1995, 0.00569964240069;
1996, 0.0058158299015;
1997, 0.00579646531803;
1998, 0.00583519448497;
1999, 0.00598365629155;
2000, 0.00626121532126;
2001, 0.00632576393282;
2002, 0.00646131601709;
2003, 0.00684860768645;
2004, 0.00745536463511;
2005, 0.00781038199868;
2006, 0.00806212158376;
2007, 0.00887543408941;
2008, 0.00964356256697;
2009, 0.0102567743768;
2010, 0.01072152438;
2011, 0.0111410903551;
2012, 0.0115864757749;
2013, 0.0119673125831;
2014, 0.0118446702211;
