1988, 0.00652586462865;
1989, 0.00834613547463;
1990, 0.00975329520662;
1991, 0.011547746608;
1992, 0.0138521320406;
1993, 0.0156207639974;
1994, 0.0171441112302;
1995, 0.0182672570713;
1996, 0.0186029098514;
1997, 0.0194162223571;
1998, 0.0206426459767;
1999, 0.022062715431;
2000, 0.0230180348821;
2001, 0.0240959966951;
2002, 0.0245672015595;
2003, 0.0239991737778;
2004, 0.0227792050193;
2005, 0.0219981668194;
2006, 0.0217012432063;
2007, 0.0214688682046;
2008, 0.0216754237616;
2009, 0.0210428473684;
2010, 0.0204038161139;
2011, 0.0199197015272;
2012, 0.0192742154116;
2013, 0.0186029098514;
2014, 0.0178218716515;
