1988, 0.0102632292379;
1989, 0.0100954028479;
1990, 0.0100695834033;
1991, 0.0102309549322;
1992, 0.0106698854908;
1993, 0.0107731632693;
1994, 0.011341191051;
1995, 0.011715572998;
1996, 0.0117672118873;
1997, 0.0119092188327;
1998, 0.0121093195285;
1999, 0.0124772466144;
2000, 0.012625708421;
2001, 0.0129355417565;
2002, 0.0132841042589;
2003, 0.0138714966241;
2004, 0.0140651424588;
2005, 0.0146267153794;
2006, 0.0149171841314;
2007, 0.0157175869147;
2008, 0.0164469862253;
2009, 0.017015014007;
2010, 0.0195905036083;
2011, 0.0203005383354;
2012, 0.0210493022295;
2013, 0.0216883334839;
2014, 0.0223273647384;
