1988, 0.00615148268161;
1989, 0.00580937504034;
1990, 0.00552536114948;
1991, 0.00558345489989;
1992, 0.00548017712139;
1993, 0.0052736215644;
1994, 0.0051122500355;
1995, 0.00512515975781;
1996, 0.00502833684047;
1997, 0.0352306321891;
1998, 0.0353726391345;
1999, 0.0358567537212;
2000, 0.0360568544171;
2001, 0.0368056183112;
2002, 0.036921805812;
2003, 0.0373994655375;
2004, 0.0377738474845;
2005, 0.0377738474845;
2006, 0.0378835801242;
2007, 0.0378125766515;
2008, 0.0374962884548;
2009, 0.0373994655375;
2010, 0.0371993648417;
2011, 0.0365538787261;
2012, 0.0362246808071;
2013, 0.0357922051097;
2014, 0.0351531738552;
