1988, 0.00928854520339;
1989, 0.0090819896464;
1990, 0.009023895896;
1991, 0.00935309381495;
1992, 0.00901098617369;
1993, 0.00868178825473;
1994, 0.00848814242006;
1995, 0.00831386116885;
1996, 0.00806857644492;
1997, 0.00760382644169;
1998, 0.00706807296575;
1999, 0.00671305560217;
2000, 0.00630639934935;
2001, 0.00602884031964;
2002, 0.00566091323376;
2003, 0.00532526045365;
2004, 0.00509934031319;
2005, 0.00475723267193;
2006, 0.00455067711494;
2007, 0.00436348614141;
2008, 0.00417629516789;
2009, 0.00417629516789;
2010, 0.00409238197286;
2011, 0.00406010766708;
2012, 0.00416984030674;
2013, 0.00463459030996;
2014, 0.00476368753308;
