1988, 0.0118963091104;
1989, 0.0120899549451;
1990, 0.012457882031;
1991, 0.0128064445334;
1992, 0.01312273273;
1993, 0.0134002917597;
1994, 0.0170214688682;
1995, 0.0173635765095;
1996, 0.0176605001226;
1997, 0.0181897987374;
1998, 0.0185964549903;
1999, 0.0189062883257;
2000, 0.0193839480513;
2001, 0.0198745174991;
2002, 0.02015853139;
2003, 0.020449000142;
2004, 0.0208104723667;
2005, 0.02127522237;
2006, 0.0215915105666;
2007, 0.022185357793;
2008, 0.0234634203018;
2009, 0.0247479376719;
2010, 0.0258904480965;
2011, 0.0264326564336;
2012, 0.0273557015789;
2013, 0.0280399168614;
2014, 0.0287499515885;
