1988, 0.0105666077123;
1989, 0.0110636320213;
1990, 0.0113282813287;
1991, 0.0114315591072;
1992, 0.0118963091104;
1993, 0.0124643368921;
1994, 0.0128516285615;
1995, 0.0132905591201;
1996, 0.0135874827332;
1997, 0.013658486206;
1998, 0.013865041763;
1999, 0.0142329688488;
2000, 0.0200810730561;
2001, 0.0206878300048;
2002, 0.021029937646;
2003, 0.0214236841766;
2004, 0.0224951911284;
2005, 0.0232439550225;
2006, 0.0239475348885;
2007, 0.0253159654536;
2008, 0.0270265036599;
2009, 0.0278914550548;
2010, 0.028975871729;
2011, 0.0297375453454;
2012, 0.030383031461;
2013, 0.0308736009088;
2014, 0.0308736009088;
