1988, 0.000309833335485;
1989, 0.000342107641265;
1990, 0.00041311111398;
1991, 0.000400201391668;
1992, 0.000374381947044;
1993, 0.000374381947044;
1994, 0.000426020836292;
1995, 0.000419565975136;
1996, 0.00041311111398;
1997, 0.000438930558604;
1998, 0.000419565975136;
1999, 0.000426020836292;
2000, 0.000484114586695;
2001, 0.000497024309007;
2002, 0.000400201391668;
2003, 0.000400201391668;
2004, 0.000367927085888;
2005, 0.000342107641265;
2006, 0.000406656252824;
2007, 0.000406656252824;
2008, 0.000471204864383;
2009, 0.000497024309007;
2010, 0.000503479170163;
2011, 0.000484114586695;
2012, 0.000497024309007;
2013, 0.000606756948658;
2014, 0.000671305560217;
