1988, 0.00207201043106;
1989, 0.00214946876493;
1990, 0.00219465279302;
1991, 0.00233665973845;
1992, 0.00254321529544;
1993, 0.00256903474006;
1994, 0.00278850001936;
1995, 0.00289823265902;
1996, 0.00291759724248;
1997, 0.00313060766063;
1998, 0.00312415279947;
1999, 0.00828158686307;
2000, 0.00844941325312;
2001, 0.00848814242006;
2002, 0.00847523269774;
2003, 0.00861723964318;
2004, 0.00873988200514;
2005, 0.00877215631092;
2006, 0.00881088547785;
2007, 0.00898516672906;
2008, 0.00914008339681;
2009, 0.00923690631415;
2010, 0.00932727437033;
2011, 0.00964356256697;
2012, 0.0099469410413;
2013, 0.0101599514594;
2014, 0.0105472431288;
