1988, 0.0171441112302;
1989, 0.0178864202631;
1990, 0.019125753605;
1991, 0.02015853139;
1992, 0.0209008404229;
1993, 0.0215398716774;
1994, 0.0225984689069;
1995, 0.0229276668259;
1996, 0.0236247918307;
1997, 0.0238700765547;
1998, 0.0240379029447;
1999, 0.0244768335033;
2000, 0.0246575696157;
2001, 0.0246511147545;
2002, 0.0244251946141;
2003, 0.0245542918372;
2004, 0.0246446598934;
2005, 0.0251029550354;
2006, 0.0253417848982;
2007, 0.0264068369889;
2008, 0.0272653335227;
2009, 0.0279947328333;
2010, 0.0284659376977;
2011, 0.0287886807555;
2012, 0.0293308890926;
2013, 0.0299828300693;
2014, 0.0303701217387;
