1988, 0.0573901705374;
1989, 0.0588166948529;
1990, 0.0603981358361;
1991, 0.0618246601516;
1992, 0.0636062018306;
1993, 0.0651489136469;
1994, 0.0662204205988;
1995, 0.0681504240844;
1996, 0.0706355456294;
1997, 0.0698674171519;
1998, 0.0685441706149;
1999, 0.0683440699191;
2000, 0.0690928338131;
2001, 0.0698351428461;
2002, 0.0713133060508;
2003, 0.0716166845251;
2004, 0.0728237435613;
2005, 0.0740759866255;
2006, 0.0750506706601;
2007, 0.0746052852403;
2008, 0.075295955384;
2009, 0.0755412401079;
2010, 0.0761028130285;
2011, 0.0761609067789;
2012, 0.0766256567821;
2013, 0.0761673616401;
2014, 0.0751087644105;
