1988, 0.0226049237681;
1989, 0.0226952918243;
1990, 0.0229857605763;
1991, 0.0235279689134;
1992, 0.0233343230787;
1993, 0.0231342223829;
1994, 0.0234440557184;
1995, 0.0232245904391;
1996, 0.0231277675217;
1997, 0.0233988716903;
1998, 0.0234246911349;
1999, 0.0235989723861;
2000, 0.0235796078026;
2001, 0.0233536876622;
2002, 0.0234763300241;
2003, 0.0238894411381;
2004, 0.0235344237745;
2005, 0.0229986702986;
2006, 0.0217787015401;
2007, 0.0209782987568;
2008, 0.0205070938924;
2009, 0.0196421424975;
2010, 0.0192096668001;
2011, 0.0183705348498;
2012, 0.01775732304;
2013, 0.0168988265062;
2014, 0.0166922709493;
