1988, 0.000613211809814;
1989, 0.000639031254438;
1990, 0.000645486115594;
1991, 0.000729399310621;
1992, 0.000690670143685;
1993, 0.000658395837906;
1994, 0.000697125004841;
1995, 0.000684215282529;
1996, 0.000671305560217;
1997, 0.000722944449465;
1998, 0.000716489588309;
1999, 0.000722944449465;
2000, 0.000768128477556;
2001, 0.000729399310621;
2002, 0.000768128477556;
2003, 0.000735854171777;
2004, 0.000710034727153;
2005, 0.000729399310621;
2006, 0.000729399310621;
2007, 0.000664850699061;
2008, 0.000639031254438;
2009, 0.000664850699061;
2010, 0.00058739236519;
2011, 0.00061966667097;
2012, 0.000561572920566;
2013, 0.000606756948658;
2014, 0.000580937504034;
