1988, 0.0555311705245;
1989, 0.0551438788552;
1990, 0.0548856844089;
1991, 0.0562605698351;
1992, 0.0574418094267;
1993, 0.0581518441538;
1994, 0.058739236519;
1995, 0.0591975316611;
1996, 0.0593911774958;
1997, 0.0597461948593;
1998, 0.0615083719549;
1999, 0.0620828545978;
2000, 0.0614180038987;
2001, 0.0613082712591;
2002, 0.0608047920889;
2003, 0.060849976117;
2004, 0.0606563302823;
2005, 0.0607983372278;
2006, 0.0610242573682;
2007, 0.0614631879268;
2008, 0.0612566323698;
2009, 0.0618633893185;
2010, 0.0627283407134;
2011, 0.0634190108571;
2012, 0.0639870386388;
2013, 0.0641548650289;
2014, 0.0654071080931;
