1988, 0.000367927085888;
1989, 0.000367927085888;
1990, 0.000374381947044;
1991, 0.00041311111398;
1992, 0.000419565975136;
1993, 0.000451840280916;
1994, 0.000471204864383;
1995, 0.000432475697448;
1996, 0.000471204864383;
1997, 0.000542208337099;
1998, 0.000529298614787;
1999, 0.000574482642878;
2000, 0.000639031254438;
2001, 0.000574482642878;
2002, 0.00065194097675;
2003, 0.000600302087502;
2004, 0.000645486115594;
2005, 0.000768128477556;
2006, 0.000742309032933;
2007, 0.000761673616401;
2008, 0.000703579865997;
2009, 0.000845586811428;
2010, 0.000890770839519;
2011, 0.000871406256051;
2012, 0.000910135422987;
2013, 0.000974684034546;
2014, 0.00100050347917;
