1988, 0.0176282258169;
1989, 0.0175701320665;
1990, 0.0174797640103;
1991, 0.0175120383161;
1992, 0.0178218716515;
1993, 0.0182608022101;
1994, 0.0182414376267;
1995, 0.0185577258233;
1996, 0.0186416390183;
1997, 0.0254386078155;
1998, 0.0257161668453;
1999, 0.0260324550419;
2000, 0.0262906494881;
2001, 0.0264132918501;
2002, 0.0260001807361;
2003, 0.0256193439279;
2004, 0.0255289758717;
2005, 0.0250771355908;
2006, 0.0243606460025;
2007, 0.0237280696092;
2008, 0.0230761286325;
2009, 0.0221014445979;
2010, 0.0208685661171;
2011, 0.0200294341669;
2012, 0.0194743161075;
2013, 0.0188933786034;
2014, 0.0184867223506;
