1988, 0.983701475581;
1989, 0.983243180439;
1990, 0.974774402603;
1991, 0.987916499916;
1992, 1.0;
1993, 0.995520326358;
1994, 0.973096138702;
1995, 0.93114599605;
1996, 0.891964988833;
1997, 0.867281599773;
1998, 0.853513380927;
1999, 0.853597294122;
2000, 0.83521384955;
2001, 0.810782200075;
2002, 0.780063515834;
2003, 0.760563380282;
2004, 0.757781335123;
2005, 0.763952182389;
2006, 0.776184144279;
2007, 0.790075005487;
2008, 0.81404835982;
2009, 0.844915505867;
2010, 0.870515485212;
2011, 0.897929280541;
2012, 0.919933902222;
2013, 0.938220523877;
2014, 0.962955551826;
