1988, 0.00714553129962;
1989, 0.00738436116239;
1990, 0.00728753824505;
1991, 0.00728753824505;
1992, 0.00733272227314;
1993, 0.00712616671615;
1994, 0.0073391771343;
1995, 0.00735208685661;
1996, 0.00710034727153;
1997, 0.0150333716322;
1998, 0.015233472328;
1999, 0.0156078542751;
2000, 0.0158595938601;
2001, 0.0159499619163;
2002, 0.0159435070552;
2003, 0.0158983230271;
2004, 0.0154787570519;
2005, 0.0146654445463;
2006, 0.0146202605182;
2007, 0.0150398264933;
2008, 0.0150527362156;
2009, 0.014652534824;
2010, 0.0140522327365;
2011, 0.0138327674572;
2012, 0.0134002917597;
2013, 0.0128968125896;
2014, 0.0124772466144;
