1988, 0.00739081602355;
1989, 0.00744890977395;
1990, 0.00729399310621;
1991, 0.00734563199546;
1992, 0.00728753824505;
1993, 0.00702288893766;
1994, 0.00680342365836;
1995, 0.00670660074102;
1996, 0.00666141671293;
1997, 0.00680342365836;
1998, 0.00681633338067;
1999, 0.00666787157408;
2000, 0.00642904171131;
2001, 0.00677114935258;
2002, 0.00682924310298;
2003, 0.00655813893443;
2004, 0.00642258685016;
2005, 0.00652586462865;
2006, 0.00642904171131;
2007, 0.00650650004518;
2008, 0.00664850699061;
2009, 0.00668723615755;
2010, 0.00674532990795;
2011, 0.0067388750468;
2012, 0.00676469449142;
2013, 0.00684215282529;
2014, 0.00691961115916;
