1988, 0.0292340661752;
1989, 0.0296278127057;
1990, 0.0302668439602;
1991, 0.0306799550742;
1992, 0.0309510592427;
1993, 0.0311253404939;
1994, 0.0311834342443;
1995, 0.0312608925782;
1996, 0.0316352745252;
1997, 0.0304282154891;
1998, 0.0298214585404;
1999, 0.0297181807619;
2000, 0.0297698196512;
2001, 0.0303249377106;
2002, 0.0306412259072;
2003, 0.0310349724377;
2004, 0.0309833335485;
2005, 0.0311963439666;
2006, 0.0316288196641;
2007, 0.0320419307781;
2008, 0.0320612953615;
2009, 0.0321581182789;
2010, 0.0322355766127;
2011, 0.0317191877203;
2012, 0.0315513613302;
2013, 0.0304798543783;
2014, 0.030053833542;
