1988, 0.00480887156117;
1989, 0.00484114586695;
1990, 0.00486051045042;
1991, 0.00502833684047;
1992, 0.00516388892475;
1993, 0.00524780211978;
1994, 0.00551245142717;
1995, 0.00579646531803;
1996, 0.00608047920889;
1997, 0.0093014549257;
1998, 0.00934018409264;
1999, 0.0093014549257;
2000, 0.00947573617691;
2001, 0.00976620492893;
2002, 0.00975975006778;
2003, 0.0098436632628;
2004, 0.00977911465124;
2005, 0.0102503195156;
2006, 0.0103213229883;
2007, 0.0104826945172;
2008, 0.0106763403519;
2009, 0.0108377118808;
2010, 0.0108248021585;
2011, 0.0110571771601;
2012, 0.0113153716064;
2013, 0.0117607570261;
2014, 0.0121157743897;
