1988, 0.00198164237487;
1989, 0.00216883334839;
1990, 0.00535107989827;
1991, 0.00532526045365;
1992, 0.00548663198255;
1993, 0.00551245142717;
1994, 0.00556409031642;
1995, 0.00584164934612;
1996, 0.00608693407005;
1997, 0.00628703476588;
1998, 0.00658395837906;
1999, 0.00682278824182;
2000, 0.0069002465757;
2001, 0.00724235421696;
2002, 0.00730044796736;
2003, 0.00746827435742;
2004, 0.00799757297221;
2005, 0.00838486464156;
2006, 0.00872697228283;
2007, 0.00947573617691;
2008, 0.010347142433;
2009, 0.0111475452163;
2010, 0.0118575799435;
2011, 0.0121674132789;
2012, 0.0127999896722;
2013, 0.0131808264804;
2014, 0.0133551077316;
