1988, 0.014155510515;
1989, 0.0140845070423;
1990, 0.0139812292638;
1991, 0.0137230348175;
1992, 0.0134842049548;
1993, 0.0129355417565;
1994, 0.0125353403648;
1995, 0.0120770452228;
1996, 0.0116897535534;
1997, 0.0110829966047;
1998, 0.0105666077123;
1999, 0.00979847923471;
2000, 0.00904326047947;
2001, 0.00877861117207;
2002, 0.00838486464156;
2003, 0.00789429519371;
2004, 0.00776519797059;
2005, 0.00792656949949;
2006, 0.00786202088793;
2007, 0.00779101741522;
2008, 0.00789429519371;
2009, 0.00784265630446;
2010, 0.00795884380527;
2011, 0.0081008507507;
2012, 0.00795884380527;
2013, 0.0081008507507;
2014, 0.00830095144653;
