1988, 0.00279495488052;
1989, 0.00376318405391;
1990, 0.00455067711494;
1991, 0.00560927434451;
1992, 0.0066355972683;
1993, 0.00779747227637;
1994, 0.00923690631415;
1995, 0.0103148681272;
1996, 0.0111798195221;
1997, 0.0121545035566;
1998, 0.0137036702341;
1999, 0.0150010973264;
2000, 0.0164147119195;
2001, 0.0181510695705;
2002, 0.0197196008314;
2003, 0.0208427466725;
2004, 0.0217657918178;
2005, 0.0226759272408;
2006, 0.0239539897497;
2007, 0.0248834897561;
2008, 0.0256968022618;
2009, 0.0261809168485;
2010, 0.0263939272666;
2011, 0.026490750184;
2012, 0.0264778404617;
2013, 0.0261357328204;
2014, 0.0253095105924;
