1988, 0.022269270988;
1989, 0.0208427466725;
1990, 0.0195582293025;
1991, 0.0182672570713;
1992, 0.0174345799822;
1993, 0.0166148126154;
1994, 0.0160726042783;
1995, 0.0160403299725;
1996, 0.0161500626122;
1997, 0.0160919688617;
1998, 0.0161500626122;
1999, 0.016434076503;
2000, 0.0167374549773;
2001, 0.0171182917855;
2002, 0.0175830417888;
2003, 0.0184867223506;
2004, 0.0191128438827;
2005, 0.019868062638;
2006, 0.0205458230593;
2007, 0.0210170279237;
2008, 0.0222240869599;
2009, 0.0228566633532;
2010, 0.0234763300241;
2011, 0.0238055279431;
2012, 0.0239539897497;
2013, 0.0241089064174;
2014, 0.0242702779463;
