1988, 0.0778133512348;
1989, 0.0750506706601;
1990, 0.071861969249;
1991, 0.0704160803501;
1992, 0.0690411949239;
1993, 0.0683698893637;
1994, 0.0677824969985;
1995, 0.0677760421373;
1996, 0.0901356811815;
1997, 0.0906972541021;
1998, 0.0920269555002;
1999, 0.0924013374472;
2000, 0.093466389538;
2001, 0.0944798027394;
2002, 0.0953512089955;
2003, 0.0961064277507;
2004, 0.0970875666464;
2005, 0.0971908444249;
2006, 0.0974103097042;
2007, 0.0976362298447;
2008, 0.0980945249868;
2009, 0.0976297749835;
2010, 0.0986238236016;
2011, 0.0991014833271;
2012, 0.09984379236;
2013, 0.100140715973;
2014, 0.100528007643;
