1988, 0.0301958404875;
1989, 0.0297891842346;
1990, 0.0303894863221;
1991, 0.0302732988213;
1992, 0.0310930661881;
1993, 0.031254437717;
1994, 0.0314222641071;
1995, 0.0311640696609;
1996, 0.0311963439666;
1997, 0.0314028995236;
1998, 0.0311188856328;
1999, 0.0313189863286;
2000, 0.0305314932676;
2001, 0.0304992189618;
2002, 0.0299182814578;
2003, 0.0293825279818;
2004, 0.0292147015918;
2005, 0.0289242328398;
2006, 0.0287370418662;
2007, 0.0284272085307;
2008, 0.0283368404746;
2009, 0.0288725939505;
2010, 0.0292405210364;
2011, 0.0294083474264;
2012, 0.0296342675669;
2013, 0.0301054724313;
2014, 0.0304798543783;
