1988, 6.45486115594e-06;
1989, 1.29097223119e-05;
1990, 1.93645834678e-05;
1991, 2.58194446237e-05;
1992, 8.39131950272e-05;
1993, 0.000103277778495;
1994, 0.000193645834678;
1995, 0.000258194446237;
1996, 0.000264649307393;
1997, 0.000348562502421;
1998, 0.000400201391668;
1999, 0.000464750003227;
2000, 0.000529298614787;
2001, 0.000729399310621;
2002, 0.00085849653374;
2003, 0.0010844166742;
2004, 0.001200604175;
2005, 0.00131679167581;
2006, 0.00144588889893;
2007, 0.0015233472328;
2008, 0.00176863195673;
2009, 0.00207846529221;
2010, 0.00216237848724;
2011, 0.00236247918307;
2012, 0.00251739585082;
2013, 0.002607763907;
2014, 0.00273040626896;
