1988, 0.0679115942216;
1989, 0.0674081150514;
1990, 0.066601257407;
1991, 0.0665173442119;
1992, 0.065981590736;
1993, 0.0657621254567;
1994, 0.0658202192071;
1995, 0.0656975768451;
1996, 0.065484566427;
1997, 0.0662656046268;
1998, 0.0667755386582;
1999, 0.067472663663;
2000, 0.0691961115916;
2001, 0.0705387227121;
2002, 0.0712035734111;
2003, 0.0725203650869;
2004, 0.0717070525813;
2005, 0.0704354449336;
2006, 0.0682924310298;
2007, 0.0662268754599;
2008, 0.0647358025329;
2009, 0.0638321219711;
2010, 0.0637933928041;
2011, 0.0620183059862;
2012, 0.0611081705633;
2013, 0.0592104413834;
2014, 0.0588489691587;
