1988, 0.000832677089116;
1989, 0.00082622222796;
1990, 0.000748763894089;
1991, 0.000761673616401;
1992, 0.000781038199868;
1993, 0.000748763894089;
1994, 0.000813312505648;
1995, 0.000871406256051;
1996, 0.000897225700675;
1997, 0.000884315978363;
1998, 0.000819767366804;
1999, 0.00079394792218;
2000, 0.00096822917339;
2001, 0.000910135422987;
2002, 0.000955319451079;
2003, 0.000994048618014;
2004, 0.000871406256051;
2005, 0.000916590284143;
2006, 0.000987593756858;
2007, 0.000981138895702;
2008, 0.00096822917339;
2009, 0.000974684034546;
2010, 0.00109732639651;
2011, 0.00112960070229;
2012, 0.00118123959154;
2013, 0.00115542014691;
2014, 0.00125224306425;
