1988, 0.0225016459896;
1989, 0.0222821807103;
1990, 0.022475826545;
1991, 0.0231342223829;
1992, 0.0234246911349;
1993, 0.0236054272473;
1994, 0.0237022501646;
1995, 0.0236054272473;
1996, 0.0233149584952;
1997, 0.023179406411;
1998, 0.0226952918243;
1999, 0.0222047223764;
2000, 0.0219336182079;
2001, 0.0215721459831;
2002, 0.0202940834743;
2003, 0.0194097674959;
2004, 0.0185060869341;
2005, 0.0177508681788;
2006, 0.0173829410929;
2007, 0.0168536424782;
2008, 0.0168020035889;
2009, 0.0161629723345;
2010, 0.0156853126089;
2011, 0.0153044758007;
2012, 0.0144847084339;
2013, 0.0140135035695;
2014, 0.0137617639845;
