1989, 0.0191063890216;
1990, 0.0196873265256;
1991, 0.0200810730561;
1992, 0.0204683647255;
1993, 0.0211719445915;
1994, 0.022437097378;
1995, 0.0233924168291;
1996, 0.0242057293348;
1997, 0.0253482397594;
1998, 0.0265552987955;
1999, 0.0274783439408;
2000, 0.0281948335291;
2001, 0.0284530279754;
2002, 0.0296600870115;
2003, 0.0302474793767;
2004, 0.030299118266;
2005, 0.030466944656;
2006, 0.0306218613238;
2007, 0.0304023960445;
2008, 0.0298279134016;
2009, 0.0297246356231;
2010, 0.0295826286777;
2011, 0.0295245349273;
2012, 0.0294535314545;
2013, 0.0294599863157;
2014, 0.0296149029834;
