1988, 0.0285175765869;
1989, 0.0291695175637;
1990, 0.0298408231239;
1991, 0.0298795522908;
1992, 0.0301248370148;
1993, 0.0306347710461;
1994, 0.0310930661881;
1995, 0.0317450071649;
1996, 0.0321193891119;
1997, 0.0323646738359;
1998, 0.0328423335614;
1999, 0.0330295245349;
2000, 0.0335265488439;
2001, 0.0340881217645;
2002, 0.034314041905;
2003, 0.0349595280206;
2004, 0.0361536773344;
2005, 0.0374446495656;
2006, 0.038206323182;
2007, 0.0410400072294;
2008, 0.0433573023844;
2009, 0.0452873058701;
2010, 0.0467396496301;
2011, 0.0477659725539;
2012, 0.0487277468662;
2013, 0.0495668788164;
2014, 0.0503608267386;
