1988, 0.000284013890861;
1989, 0.000303378474329;
1990, 0.000284013890861;
1991, 0.000316288196641;
1992, 0.000329197918953;
1993, 0.000342107641265;
1994, 0.000329197918953;
1995, 0.000387291669356;
1996, 0.000393746530512;
1997, 0.000464750003227;
1998, 0.000522843753631;
1999, 0.000516388892475;
2000, 0.000548663198255;
2001, 0.000574482642878;
2002, 0.000574482642878;
2003, 0.000548663198255;
2004, 0.00058739236519;
2005, 0.000658395837906;
2006, 0.000632576393282;
2007, 0.000600302087502;
2008, 0.000671305560217;
2009, 0.000658395837906;
2010, 0.00065194097675;
2011, 0.000787493061024;
2012, 0.000813312505648;
2013, 0.000839131950272;
2014, 0.000852041672584;
