1988, 0.0120189514724;
1989, 0.0119802223054;
1990, 0.0118059410542;
1991, 0.0118640348046;
1992, 0.0117736667484;
1993, 0.0118769445269;
1994, 0.0120770452228;
1995, 0.0118188507765;
1996, 0.0119737674443;
1997, 0.0122255070293;
1998, 0.0122900556409;
1999, 0.0122642361963;
2000, 0.0123804236971;
2001, 0.0121415938343;
2002, 0.0121545035566;
2003, 0.0123739688359;
2004, 0.0120705903616;
2005, 0.0123804236971;
2006, 0.0126063438375;
2007, 0.0131808264804;
2008, 0.0137165799564;
2009, 0.0143427014885;
2010, 0.0147622674636;
2011, 0.0152399271892;
2012, 0.0152851112173;
2013, 0.0157046771924;
2014, 0.0157756806651;
