1988, 0.0272846981061;
1989, 0.0275428925524;
1990, 0.0279882779721;
1991, 0.0292340661752;
1992, 0.0300280140974;
1993, 0.030299118266;
1994, 0.0308736009088;
1995, 0.0324421321697;
1996, 0.0336556460671;
1997, 0.0346238752404;
1998, 0.0346496946851;
1999, 0.0347594273247;
2000, 0.0351919030222;
2001, 0.0353274551064;
2002, 0.0355921044138;
2003, 0.035889028027;
2004, 0.0357470210816;
2005, 0.0347465176024;
2006, 0.0341720349595;
2007, 0.0342882224603;
2008, 0.0343463162107;
2009, 0.0344495939892;
2010, 0.0346432398239;
2011, 0.0317579168872;
2012, 0.0320225661946;
2013, 0.0323001252243;
2014, 0.0294083474264;
