1992, 0.0096241979835;
1993, 0.00948864589923;
1994, 0.00915299311912;
1995, 0.00928854520339;
1996, 0.00912717367449;
1997, 0.00893352783982;
1998, 0.00865596881011;
1999, 0.00838486464156;
2000, 0.00833968061347;
2001, 0.00825576741844;
2002, 0.00865596881011;
2003, 0.00852041672584;
2004, 0.00888834381172;
2005, 0.00869469797705;
2006, 0.00843004866965;
2007, 0.00795238894411;
2008, 0.00779747227637;
2009, 0.00759737158054;
2010, 0.00749409380204;
2011, 0.0075005486632;
2012, 0.0072358993558;
2013, 0.00696479518726;
2014, 0.00650650004518;
