1988, 0.0113153716064;
1989, 0.0107473438246;
1990, 0.0099469410413;
1991, 0.00952737506616;
1992, 0.00905617020178;
1993, 0.0088625243671;
1994, 0.00862369450433;
1995, 0.0085849653374;
1996, 0.00853332644815;
1997, 0.0132582848143;
1998, 0.0137101250952;
1999, 0.0138908612076;
2000, 0.0141813299596;
2001, 0.0143427014885;
2002, 0.0147429028802;
2003, 0.014859090381;
2004, 0.0152205626057;
2005, 0.0154658473296;
2006, 0.0153948438569;
2007, 0.0156272188585;
2008, 0.0154012987181;
2009, 0.0155691251081;
2010, 0.0158337744155;
2011, 0.0159951459444;
2012, 0.0157821355263;
2013, 0.0157434063593;
2014, 0.0155045764966;
