1988, 0.00910135422987;
1989, 0.00914653825796;
1990, 0.00924981603646;
1991, 0.00926272575877;
1992, 0.00937245839842;
1993, 0.00963710770581;
1994, 0.009727475762;
1995, 0.00973393062315;
1996, 0.00966938201159;
1997, 0.00972102090084;
1998, 0.00966292715044;
1999, 0.00957901395541;
2000, 0.00938536812073;
2001, 0.00903035075716;
2002, 0.00869469797705;
2003, 0.00821703825151;
2004, 0.00768773963672;
2005, 0.00730044796736;
2006, 0.00705516324344;
2007, 0.00677760421373;
2008, 0.0063580382386;
2009, 0.00577710073456;
2010, 0.00540917364867;
2011, 0.00525425698093;
2012, 0.00504124656279;
2013, 0.00476368753308;
2014, 0.00471204864383;
