1988, 0.000355017363577;
1989, 0.000342107641265;
1990, 0.000361472224732;
1991, 0.000393746530512;
1992, 0.000471204864383;
1993, 0.000484114586695;
1994, 0.000503479170163;
1995, 0.00044538541976;
1996, 0.000426020836292;
1997, 0.000367927085888;
1998, 0.000355017363577;
1999, 0.000335652780109;
2000, 0.0003808368082;
2001, 0.000458295142071;
2002, 0.000529298614787;
2003, 0.000503479170163;
2004, 0.000509934031319;
2005, 0.000477659725539;
2006, 0.000509934031319;
2007, 0.000555118059411;
2008, 0.000606756948658;
2009, 0.000626121532126;
2010, 0.000606756948658;
2011, 0.000535753475943;
2012, 0.000529298614787;
2013, 0.000438930558604;
2014, 0.000716489588309;
