1988, 0.0123029653632;
1989, 0.0129807257846;
1990, 0.0132905591201;
1991, 0.0137617639845;
1992, 0.0141748750984;
1993, 0.0144653438505;
1994, 0.0149236389925;
1995, 0.0150333716322;
1996, 0.0153754792734;
1997, 0.0150527362156;
1998, 0.0148720001033;
1999, 0.0145557119066;
2000, 0.0148397257975;
2001, 0.015149559133;
2002, 0.015317385523;
2003, 0.0158079549709;
2004, 0.0157950452486;
2005, 0.0156788577478;
2006, 0.0163049792799;
2007, 0.0170472883128;
2008, 0.0176282258169;
2009, 0.0178025070681;
2010, 0.0180671563755;
2011, 0.0179896980416;
2012, 0.0179574237358;
2013, 0.0177250487342;
2014, 0.0172344792864;
