1988, 0.0857528304566;
1989, 0.0864886846284;
1990, 0.0879797575554;
1991, 0.0896838409006;
1992, 0.0906262506293;
1993, 0.0920140457779;
1994, 0.0933760214818;
1995, 0.0929435457843;
1996, 0.0947831812138;
1997, 0.0962484346962;
1998, 0.0972424833142;
1999, 0.0994565006907;
2000, 0.0996824208311;
2001, 0.0994371361072;
2002, 0.0996178722196;
2003, 0.0993080388841;
2004, 0.0977846916513;
2005, 0.0962807090019;
2006, 0.0944668930171;
2007, 0.0922593305018;
2008, 0.0897871186791;
2009, 0.0887349763107;
2010, 0.0876247401918;
2011, 0.0866113269904;
2012, 0.085849653374;
2013, 0.0843843998916;
2014, 0.083822826971;
