1988, 0.0396070280528;
1989, 0.0391616426331;
1990, 0.0385548856844;
1991, 0.038619434296;
1992, 0.0387678961026;
1993, 0.0384193336001;
1994, 0.0388647190199;
1995, 0.0396070280528;
1996, 0.0399168613883;
1997, 0.0392197363835;
1998, 0.0388518092976;
1999, 0.0385419759621;
2000, 0.0391100037438;
2001, 0.0392197363835;
2002, 0.0395876634694;
2003, 0.0386517086017;
2004, 0.0375931113722;
2005, 0.0363279585856;
2006, 0.0347981564917;
2007, 0.0336362814836;
2008, 0.0326228682821;
2009, 0.0309962432708;
2010, 0.029969920347;
2011, 0.0288467745059;
2012, 0.027652625192;
2013, 0.027071687688;
2014, 0.0270135939376;
