1988, 0.036883076645;
1989, 0.0368443474781;
1990, 0.037418830121;
1991, 0.0382127780431;
1992, 0.0390841842992;
1993, 0.0397748544429;
1994, 0.0399362259718;
1995, 0.0396715766644;
1996, 0.0399685002776;
1997, 0.0406785350047;
1998, 0.0407237190328;
1999, 0.0417758614012;
2000, 0.0429441912704;
2001, 0.0430022850208;
2002, 0.042511715573;
2003, 0.0425698093234;
2004, 0.0415112120938;
2005, 0.0410270975071;
2006, 0.0402202398626;
2007, 0.0402976981965;
2008, 0.0399814099999;
2009, 0.0401686009734;
2010, 0.0403880662527;
2011, 0.0405171634758;
2012, 0.0400330488891;
2013, 0.0389679967984;
2014, 0.0385871599902;
