1988, 0.00017428125121;
1989, 0.00017428125121;
1990, 0.00023882986277;
1991, 0.000258194446237;
1992, 0.000277559029705;
1993, 0.000245284723926;
1994, 0.00023882986277;
1995, 0.000335652780109;
1996, 0.000342107641265;
1997, 0.000348562502421;
1998, 0.000335652780109;
1999, 0.000348562502421;
2000, 0.000406656252824;
2001, 0.000419565975136;
2002, 0.000451840280916;
2003, 0.000438930558604;
2004, 0.000484114586695;
2005, 0.000497024309007;
2006, 0.000458295142071;
2007, 0.000458295142071;
2008, 0.000490569447851;
2009, 0.000509934031319;
2010, 0.000568027781722;
2011, 0.00058739236519;
2012, 0.000735854171777;
2013, 0.000748763894089;
2014, 0.000819767366804;
