1988, 0.0133873820374;
1989, 0.0136907605117;
1990, 0.0141232362092;
1991, 0.0141103264869;
1992, 0.0141232362092;
1993, 0.0143556112108;
1994, 0.0149494584371;
1995, 0.0152463820503;
1996, 0.0157885903874;
1997, 0.0174345799822;
1998, 0.0184092640167;
1999, 0.0197260556925;
2000, 0.0215075973716;
2001, 0.0236312466919;
2002, 0.0264972050451;
2003, 0.028891958534;
2004, 0.0306670453519;
2005, 0.0326486877267;
2006, 0.0346174203793;
2007, 0.0347271530189;
2008, 0.0357857502485;
2009, 0.0366507016434;
2010, 0.0376963891507;
2011, 0.0384709724894;
2012, 0.0394521113851;
2013, 0.0406462606989;
2014, 0.0422277016821;
