1989, 0.0271297814384;
1990, 0.0274654342185;
1991, 0.0276461703309;
1992, 0.0271814203276;
1993, 0.0273492467177;
1994, 0.0271104168549;
1995, 0.0266133925459;
1996, 0.0259227224022;
1997, 0.0259098126799;
1998, 0.024380010586;
1999, 0.023263319606;
2000, 0.0222047223764;
2001, 0.0213720452873;
2002, 0.0212235834807;
2003, 0.0207588334775;
2004, 0.0203199029189;
2005, 0.0200487987503;
2006, 0.020035889028;
2007, 0.0199455209718;
2008, 0.020281173752;
2009, 0.0197518751372;
2010, 0.0197583299983;
2011, 0.0193516737455;
2012, 0.0191903022166;
2013, 0.0191451181885;
2014, 0.0190547501323;
