1988, 0.134803320381;
1989, 0.13396418843;
1990, 0.134712952324;
1991, 0.13692051484;
1992, 0.137921018319;
1993, 0.137133525258;
1994, 0.136707504422;
1995, 0.134900143298;
1996, 0.131685622442;
1997, 0.128606653671;
1998, 0.125488955733;
1999, 0.124843469617;
2000, 0.122777914047;
2001, 0.121519216122;
2002, 0.123371761273;
2003, 0.123152295994;
2004, 0.120964098062;
2005, 0.119828042499;
2006, 0.121067375841;
2007, 0.123681594609;
2008, 0.127406049496;
2009, 0.130439834239;
2010, 0.132937865507;
2011, 0.136914059979;
2012, 0.142478150295;
2013, 0.147319296162;
2014, 0.151153483689;
