1988, 0.0023882986277;
1989, 0.00251094098966;
1990, 0.00236893404423;
1991, 0.00242057293348;
1992, 0.00243993751694;
1993, 0.00252385071197;
1994, 0.00242057293348;
1995, 0.00265294793509;
1996, 0.00256903474006;
1997, 0.00240766321116;
1998, 0.00239475348885;
1999, 0.00236247918307;
2000, 0.00233020487729;
2001, 0.00234956946076;
2002, 0.00241411807232;
2003, 0.00247221182272;
2004, 0.00254321529544;
2005, 0.00257548960122;
2006, 0.00262712849047;
2007, 0.00274331599127;
2008, 0.00287886807555;
2009, 0.00285304863092;
2010, 0.0029886007152;
2011, 0.00321452085566;
2012, 0.00341462155149;
2013, 0.00369863544235;
2014, 0.00378900349853;
