1988, 0.0133034688424;
1989, 0.0130517292573;
1990, 0.0131679167581;
1991, 0.0132647396754;
1992, 0.0134583855101;
1993, 0.0139876841249;
1994, 0.0144782535728;
1995, 0.0151818334388;
1996, 0.0155433056635;
1997, 0.0159499619163;
1998, 0.0162597952518;
1999, 0.0169052813674;
2000, 0.0174603994268;
2001, 0.0178089619292;
2002, 0.0178218716515;
2003, 0.0180348820697;
2004, 0.0179122397077;
2005, 0.0178218716515;
2006, 0.0177250487342;
2007, 0.0171699306748;
2008, 0.0168923716451;
2009, 0.0165825383096;
2010, 0.0162468855295;
2011, 0.0162017015014;
2012, 0.0156013994139;
2013, 0.0150204619099;
2014, 0.0143039723216;
