1988, 0.0222886355714;
1989, 0.0218690695963;
1990, 0.0219465279302;
1991, 0.0218819793186;
1992, 0.0215979654278;
1993, 0.0217851564013;
1994, 0.0221401737649;
1995, 0.0222240869599;
1996, 0.0225920140458;
1997, 0.0250061321181;
1998, 0.0254127883709;
1999, 0.0260324550419;
2000, 0.0261421876815;
2001, 0.0263100140716;
2002, 0.0263874724055;
2003, 0.0259743612915;
2004, 0.0254063335098;
2005, 0.0247866668388;
2006, 0.024134725862;
2007, 0.0232504098837;
2008, 0.0222111772376;
2009, 0.0211783994526;
2010, 0.0199648855553;
2011, 0.0189062883257;
2012, 0.0184544480448;
2013, 0.0180929758201;
2014, 0.0178089619292;
