1988, 0.00548663198255;
1989, 0.00571900698416;
1990, 0.00585455906843;
1991, 0.00608693407005;
1992, 0.00637094796091;
1993, 0.00669369101871;
1994, 0.00700997921535;
1995, 0.00747472921857;
1996, 0.00776519797059;
1997, 0.00801048269452;
1998, 0.00824931255729;
1999, 0.00866242367127;
2000, 0.00909489936871;
2001, 0.00931436464802;
2002, 0.00961774312235;
2003, 0.0101276771537;
2004, 0.0103277778495;
2005, 0.0107279792412;
2006, 0.011218548689;
2007, 0.0114896528576;
2008, 0.01200604175;
2009, 0.0121028646674;
2010, 0.0124449723086;
2011, 0.0127999896722;
2012, 0.0128128993945;
2013, 0.0130130000904;
2014, 0.0129936355069;
