1993, 0.01200604175;
1994, 0.0116122952195;
1995, 0.0111798195221;
1996, 0.0103729618776;
1997, 0.010101857709;
1998, 0.00987593756858;
1999, 0.00909489936871;
2000, 0.00877861117207;
2001, 0.00792656949949;
2002, 0.00781038199868;
2003, 0.00742954519048;
2004, 0.00715198616078;
2005, 0.00668078129639;
2006, 0.00652586462865;
2007, 0.00646777087825;
2008, 0.00654522921212;
2009, 0.00660332296252;
2010, 0.00659041324021;
2011, 0.0069583403261;
2012, 0.00715198616078;
2013, 0.00724235421696;
2014, 0.00754573269129;
