1988, 0.000690670143685;
1989, 0.000722944449465;
1990, 0.000574482642878;
1991, 0.000580937504034;
1992, 0.000529298614787;
1993, 0.000535753475943;
1994, 0.000548663198255;
1995, 0.000509934031319;
1996, 0.000522843753631;
1997, 0.000497024309007;
1998, 0.000438930558604;
1999, 0.000451840280916;
2000, 0.000497024309007;
2001, 0.00058739236519;
2002, 0.000503479170163;
2003, 0.000438930558604;
2004, 0.00041311111398;
2005, 0.000464750003227;
2006, 0.000438930558604;
2007, 0.000284013890861;
2008, 0.000284013890861;
2009, 0.000284013890861;
2010, 0.000316288196641;
2011, 0.000355017363577;
2012, 0.000316288196641;
2013, 0.000348562502421;
2014, 0.000316288196641;
