1988, 0.000251739585082;
1989, 0.000290468752017;
1990, 0.000309833335485;
1991, 0.000348562502421;
1992, 0.000400201391668;
1993, 0.000426020836292;
1994, 0.000400201391668;
1995, 0.000406656252824;
1996, 0.000393746530512;
1997, 0.000419565975136;
1998, 0.00044538541976;
1999, 0.000393746530512;
2000, 0.000451840280916;
2001, 0.000535753475943;
2002, 0.000606756948658;
2003, 0.000574482642878;
2004, 0.000509934031319;
2005, 0.000574482642878;
2006, 0.000658395837906;
2007, 0.000606756948658;
2008, 0.000555118059411;
2009, 0.000555118059411;
2010, 0.000639031254438;
2011, 0.000729399310621;
2012, 0.000761673616401;
2013, 0.000871406256051;
2014, 0.00106505209073;
