1988, 0.0108828959089;
1989, 0.011341191051;
1990, 0.0116510243865;
1991, 0.0120964098062;
1992, 0.0126321632822;
1993, 0.0130517292573;
1994, 0.0136003924556;
1995, 0.0136843056506;
1996, 0.013742399401;
1997, 0.0137875834291;
1998, 0.0139876841249;
1999, 0.0145815313513;
2000, 0.0149171841314;
2001, 0.0154206633015;
2002, 0.0152915660784;
2003, 0.0156788577478;
2004, 0.0159757813609;
2005, 0.0165825383096;
2006, 0.016931100812;
2007, 0.0187061876299;
2008, 0.0197712397206;
2009, 0.0205393681982;
2010, 0.0210751216741;
2011, 0.0216883334839;
2012, 0.0223144550161;
2013, 0.0229147571036;
2014, 0.023056764049;
