1988, 0.00608047920889;
1989, 0.0059772014304;
1990, 0.00600302087502;
1991, 0.00621603129317;
1992, 0.00635158337744;
1993, 0.00642258685016;
1994, 0.00646131601709;
1995, 0.00640967712784;
1996, 0.00642904171131;
1997, 0.00653231948981;
1998, 0.00670660074102;
1999, 0.00690670143685;
2000, 0.00686151740876;
2001, 0.00690670143685;
2002, 0.00682278824182;
2003, 0.00688733685338;
2004, 0.00700352435419;
2005, 0.00699706949304;
2006, 0.00711325699384;
2007, 0.00741663546817;
2008, 0.00731981255083;
2009, 0.00725526393927;
2010, 0.00756509727476;
2011, 0.00795884380527;
2012, 0.00829449658538;
2013, 0.00837195491925;
2014, 0.00857851047624;
