1988, 0.0117284827203;
1989, 0.0121351389732;
1990, 0.0125934341152;
1991, 0.0130000903681;
1992, 0.0136003924556;
1993, 0.0138908612076;
1994, 0.0143039723216;
1995, 0.0150850105214;
1996, 0.0153238403842;
1997, 0.0165760834484;
1998, 0.0178476910962;
1999, 0.0185900001291;
2000, 0.0193581286067;
2001, 0.0200229793057;
2002, 0.0206684654213;
2003, 0.0214688682046;
2004, 0.022062715431;
2005, 0.0227856598805;
2006, 0.0237409793315;
2007, 0.0238119828042;
2008, 0.0235666980803;
2009, 0.0240701772505;
2010, 0.0244574689198;
2011, 0.0249222189231;
2012, 0.0257161668453;
2013, 0.0261809168485;
2014, 0.0267102154633;
