1988, 0.0146654445463;
1989, 0.014445979267;
1990, 0.0144588889893;
1991, 0.0152011980222;
1992, 0.0154077535792;
1993, 0.0157175869147;
1994, 0.0159499619163;
1995, 0.016020965389;
1996, 0.0162017015014;
1997, 0.0163888924749;
1998, 0.0161952466402;
1999, 0.0164147119195;
2000, 0.0163888924749;
2001, 0.0161887917791;
2002, 0.0165373542815;
2003, 0.0276461703309;
2004, 0.0278462710267;
2005, 0.0277688126928;
2006, 0.0278204515821;
2007, 0.0282981113076;
2008, 0.0286208543654;
2009, 0.029182427286;
2010, 0.0299311911801;
2011, 0.0304475800726;
2012, 0.0310091529931;
2013, 0.0316804585533;
2014, 0.0330553439796;
