1988, 0.0537496288455;
1989, 0.0527297607828;
1990, 0.0523360142523;
1991, 0.0517163475814;
1992, 0.0508062121584;
1993, 0.0507416635468;
1994, 0.0517873510541;
1995, 0.0524651114755;
1996, 0.0524199274474;
1997, 0.0554408024683;
1998, 0.0580937504034;
1999, 0.0591265281884;
2000, 0.0604045906973;
2001, 0.0617472018177;
2002, 0.0634641948852;
2003, 0.065484566427;
2004, 0.0664011567111;
2005, 0.0673952053291;
2006, 0.0690153754793;
2007, 0.0681375143621;
2008, 0.0675049379688;
2009, 0.0694930352048;
2010, 0.0707259136856;
2011, 0.0713778546623;
2012, 0.0724493616142;
2013, 0.0736047817611;
2014, 0.0742309032933;
