1988, 0.0212816772311;
1989, 0.0219594376525;
1990, 0.0222821807103;
1991, 0.0223790036276;
1992, 0.0225791043235;
1993, 0.0226565626573;
1994, 0.0228695730755;
1995, 0.0229857605763;
1996, 0.0233924168291;
1997, 0.023140677244;
1998, 0.022850208492;
1999, 0.022682382102;
2000, 0.0231019480771;
2001, 0.0234505105795;
2002, 0.0236054272473;
2003, 0.0237861633596;
2004, 0.0238571668323;
2005, 0.0244058300306;
2006, 0.0247995765611;
2007, 0.0249738578123;
2008, 0.0251804133693;
2009, 0.0256387085114;
2010, 0.0259679064303;
2011, 0.0257097119841;
2012, 0.0255547953164;
2013, 0.025044861285;
2014, 0.0245801112818;
