1988, 0.0100243993752;
1989, 0.0097855695124;
1990, 0.00970811117853;
1991, 0.00971456603968;
1992, 0.00963710770581;
1993, 0.00970811117853;
1994, 0.00967583687275;
1995, 0.00973393062315;
1996, 0.00998567020823;
1997, 0.010224500071;
1998, 0.0103987813222;
1999, 0.0104246007668;
2000, 0.0107408889635;
2001, 0.010844166742;
2002, 0.0106698854908;
2003, 0.0105924271569;
2004, 0.0107796181304;
2005, 0.0103794167387;
2006, 0.00999212506939;
2007, 0.00961774312235;
2008, 0.00923690631415;
2009, 0.00885606950594;
2010, 0.0081589445011;
2011, 0.00762319102516;
2012, 0.00724880907812;
2013, 0.00692606602032;
2014, 0.00674532990795;
