1988, 0.0190805695769;
1989, 0.0197389654149;
1990, 0.0204231806974;
1991, 0.0211267605634;
1992, 0.0215915105666;
1993, 0.0222369966822;
1994, 0.0227146564077;
1995, 0.0233278682176;
1996, 0.0233278682176;
1997, 0.0249738578123;
1998, 0.0260970036535;
1999, 0.0269684099095;
2000, 0.027691354359;
2001, 0.0278785453325;
2002, 0.0282464724184;
2003, 0.0281690140845;
2004, 0.0279043647771;
2005, 0.0279560036664;
2006, 0.0284982120035;
2007, 0.027155600883;
2008, 0.0269942293541;
2009, 0.0270587779657;
2010, 0.0268909515756;
2011, 0.0269232258814;
2012, 0.0275299828301;
2013, 0.0279753682498;
2014, 0.0283368404746;
