1988, 0.0251287744801;
1989, 0.0253676043428;
1990, 0.025374059204;
1991, 0.0254192432321;
1992, 0.0251094098966;
1993, 0.0247866668388;
1994, 0.0243154619744;
1995, 0.0237861633596;
1996, 0.0232762293283;
1997, 0.0226242883516;
1998, 0.0220949897368;
1999, 0.0220885348756;
2000, 0.0219142536244;
2001, 0.0217980661236;
2002, 0.0214753230658;
2003, 0.0213785001485;
2004, 0.0215398716774;
2005, 0.021565691122;
2006, 0.021481777927;
2007, 0.023056764049;
2008, 0.0245607466983;
2009, 0.0255483404552;
2010, 0.0262067362931;
2011, 0.026742489769;
2012, 0.0274331599127;
2013, 0.028149649501;
2014, 0.0287176772828;
