1988, 0.0229470314094;
1989, 0.0235150591911;
1990, 0.0239927189166;
1991, 0.0243671008637;
1992, 0.0251739585082;
1993, 0.0253611494817;
1994, 0.0256903474006;
1995, 0.0266392119906;
1996, 0.026987774493;
1997, 0.0272136946334;
1998, 0.0271362362996;
1999, 0.0268522224087;
2000, 0.0269619550483;
2001, 0.0274137953293;
2002, 0.027897909916;
2003, 0.0281561043622;
2004, 0.0284142988084;
2005, 0.0283626599192;
2006, 0.0287564064497;
2007, 0.0282529272795;
2008, 0.0284982120035;
2009, 0.0287822258943;
2010, 0.0290856043687;
2011, 0.0288467745059;
2012, 0.0289565071455;
2013, 0.0286273092266;
2014, 0.0281367397787;
