1988, 0.00139425000968;
1989, 0.00151043751049;
1990, 0.00154271181627;
1991, 0.00165889931708;
1992, 0.00166535417823;
1993, 0.00174926737326;
1994, 0.00173635765095;
1995, 0.00172344792864;
1996, 0.00171699306748;
1997, 0.0016847187617;
1998, 0.00169762848401;
1999, 0.00165889931708;
2000, 0.00167826390054;
2001, 0.00165889931708;
2002, 0.00171699306748;
2003, 0.00167180903939;
2004, 0.00169762848401;
2005, 0.00172990278979;
2006, 0.00183963542944;
2007, 0.00188481945753;
2008, 0.00194291320794;
2009, 0.00201391668065;
2010, 0.00209782987568;
2011, 0.00229793057151;
2012, 0.00236893404423;
2013, 0.00256257987891;
2014, 0.00264003821278;
