1988, 0.0481274447787;
1989, 0.0479789829721;
1990, 0.0482371774183;
1991, 0.0498250732627;
1992, 0.0513419656343;
1993, 0.0527233059217;
1994, 0.0541562850983;
1995, 0.0551567885775;
1996, 0.0563509378913;
1997, 0.0570222434515;
1998, 0.0575838163721;
1999, 0.059029705271;
2000, 0.0602561288907;
2001, 0.060933889312;
2002, 0.0607983372278;
2003, 0.060682149727;
2004, 0.0607918823666;
2005, 0.0605982365319;
2006, 0.0600883025006;
2007, 0.0601399413899;
2008, 0.0611275351467;
2009, 0.0617278372342;
2010, 0.0616697434838;
2011, 0.0621990420986;
2012, 0.0628445282142;
2013, 0.0640128580834;
2014, 0.0644582435032;
