1988, 0.0217528820955;
1989, 0.0224177327946;
1990, 0.0229663959928;
1991, 0.0232375001614;
1992, 0.023553788358;
1993, 0.0237667987762;
1994, 0.0244574689198;
1995, 0.0251804133693;
1996, 0.0258388092072;
1997, 0.0270458682434;
1998, 0.0278462710267;
1999, 0.0283626599192;
2000, 0.0286918578381;
2001, 0.0292986147868;
2002, 0.0298730974297;
2003, 0.0305121286841;
2004, 0.0302410245156;
2005, 0.030383031461;
2006, 0.0301506564594;
2007, 0.0299828300693;
2008, 0.0295503543719;
2009, 0.0296342675669;
2010, 0.0295374446496;
2011, 0.0297569099289;
2012, 0.0301958404875;
2013, 0.0303378474329;
2014, 0.0303443022941;
