1988, 0.0147170834355;
1989, 0.0147622674636;
1990, 0.0146977188521;
1991, 0.0149688230206;
1992, 0.0150333716322;
1993, 0.0150075521876;
1994, 0.0146718994074;
1995, 0.0145879862124;
1996, 0.0135874827332;
1997, 0.0130840035631;
1998, 0.0129032674507;
1999, 0.0120964098062;
2000, 0.0108764410478;
2001, 0.00996630562477;
2002, 0.00938536812073;
2003, 0.00889479867288;
2004, 0.00852041672584;
2005, 0.00875924658861;
2006, 0.00905617020178;
2007, 0.00955319451079;
2008, 0.00988239242974;
2009, 0.0102567743768;
2010, 0.0105666077123;
2011, 0.0108183472973;
2012, 0.0106698854908;
2013, 0.01072152438;
2014, 0.011341191051;
