1988, 0.0119737674443;
1989, 0.0122706910574;
1990, 0.0124062431417;
1991, 0.0125482500871;
1992, 0.0125869792541;
1993, 0.01295490634;
1994, 0.0135293889828;
1995, 0.0142523334323;
1996, 0.0146848091298;
1997, 0.0158402292767;
1998, 0.0164792605311;
1999, 0.0170472883128;
2000, 0.0174474897045;
2001, 0.0180929758201;
2002, 0.0187061876299;
2003, 0.0191192987439;
2004, 0.019538864719;
2005, 0.0198809723603;
2006, 0.0203005383354;
2007, 0.0198486980545;
2008, 0.019868062638;
2009, 0.0195517744413;
2010, 0.0194097674959;
2011, 0.0196937813868;
2012, 0.0193968577736;
2013, 0.0194226772182;
2014, 0.0194743161075;
