1988, 0.0586811427686;
1989, 0.0588812434645;
1990, 0.0592427156892;
1991, 0.0592878997173;
1992, 0.0593395386065;
1993, 0.0593266288842;
1994, 0.0600237538891;
1995, 0.0609145247286;
1996, 0.0836743651644;
1997, 0.0879474832496;
1998, 0.0928209034224;
1999, 0.0967712784498;
2000, 0.0998050631931;
2001, 0.103329417384;
2002, 0.106569757685;
2003, 0.110746052852;
2004, 0.113573282039;
2005, 0.115051445243;
2006, 0.11726546262;
2007, 0.117439743871;
2008, 0.117620479983;
2009, 0.118343424433;
2010, 0.120647809866;
2011, 0.122184066821;
2012, 0.124288351558;
2013, 0.125521230038;
2014, 0.12765133422;
