1988, 0.0073972708847;
1989, 0.00734563199546;
1990, 0.00750700352435;
1991, 0.00750700352435;
1992, 0.00758446185823;
1993, 0.00769419449788;
1994, 0.00788784033255;
1995, 0.00819121880688;
1996, 0.00835904519694;
1997, 0.00888188895057;
1998, 0.00906262506293;
1999, 0.00948219103807;
2000, 0.00992757645783;
2001, 0.0102309549322;
2002, 0.0106440660461;
2003, 0.0112701875783;
2004, 0.0119544028608;
2005, 0.0132647396754;
2006, 0.0140845070423;
2007, 0.0156530383031;
2008, 0.0170601980351;
2009, 0.0180090626251;
2010, 0.0183318056829;
2011, 0.019125753605;
2012, 0.019745420276;
2013, 0.020074618195;
2014, 0.0199713404165;
