1988, 0.0209395695899;
1989, 0.0212687675088;
1990, 0.0212881320923;
1991, 0.0215463265385;
1992, 0.0218238855682;
1993, 0.0226178334904;
1994, 0.0230890383548;
1995, 0.0232116807167;
1996, 0.0237280696092;
1997, 0.0237667987762;
1998, 0.0237409793315;
1999, 0.0232568647448;
2000, 0.0232181355779;
2001, 0.0234376008572;
2002, 0.0241218161397;
2003, 0.0242702779463;
2004, 0.0248060314223;
2005, 0.0253288751759;
2006, 0.0258323543461;
2007, 0.0261550974039;
2008, 0.0265488439344;
2009, 0.026949045326;
2010, 0.0275880765805;
2011, 0.0278139967209;
2012, 0.0279882779721;
2013, 0.0282141981126;
2014, 0.0283368404746;
