1988, 0.018460902906;
1989, 0.0195582293025;
1990, 0.0198745174991;
1991, 0.020532913337;
1992, 0.0213268612592;
1993, 0.0217851564013;
1994, 0.0218948890409;
1995, 0.0218948890409;
1996, 0.0221724480706;
1997, 0.021526961955;
1998, 0.0209847536179;
1999, 0.0205651876428;
2000, 0.0204554550032;
2001, 0.0201391668065;
2002, 0.0199777952776;
2003, 0.0199648855553;
2004, 0.0202101702792;
2005, 0.020281173752;
2006, 0.0203844515304;
2007, 0.0204683647255;
2008, 0.020655555699;
2009, 0.0208814758395;
2010, 0.0209072952841;
2011, 0.0207330140329;
2012, 0.0208427466725;
2013, 0.0208298369502;
2014, 0.0204877293089;
