1988, 0.0138973160687;
1989, 0.0136907605117;
1990, 0.0133680174539;
1991, 0.0130065452292;
1992, 0.0125934341152;
1993, 0.012251326474;
1994, 0.0122771459186;
1995, 0.0120512257781;
1996, 0.0121028646674;
1997, 0.011960857722;
1998, 0.012044770917;
1999, 0.01200604175;
2000, 0.0118253056377;
2001, 0.0115800209138;
2002, 0.0116639341088;
2003, 0.0116768438311;
2004, 0.0114509236906;
2005, 0.0115864757749;
2006, 0.011341191051;
2007, 0.0114186493849;
2008, 0.0113153716064;
2009, 0.0112443681336;
2010, 0.0110700868824;
2011, 0.0110055382709;
2012, 0.0106569757685;
2013, 0.0107021597965;
2014, 0.0107021597965;
