1988, 0.0268780418533;
1989, 0.027155600883;
1990, 0.0272201494946;
1991, 0.0273492467177;
1992, 0.0273750661623;
1993, 0.0272846981061;
1994, 0.0269813196318;
1995, 0.0271233265772;
1996, 0.0272007849111;
1997, 0.0355275558023;
1998, 0.0358825731659;
1999, 0.0365345141426;
2000, 0.03696698984;
2001, 0.0373220072036;
2002, 0.0381675940151;
2003, 0.0394779308297;
2004, 0.0402525141684;
2005, 0.0418016808458;
2006, 0.0433121183563;
2007, 0.0459715211526;
2008, 0.0483791843637;
2009, 0.0503995559056;
2010, 0.0525554795316;
2011, 0.0537367191232;
2012, 0.054930868437;
2013, 0.0563961219194;
2014, 0.0574030802597;
