1988, 0.014736448019;
1989, 0.0147622674636;
1990, 0.0151624688553;
1991, 0.0157111320535;
1992, 0.0165050799757;
1993, 0.0174023056764;
1994, 0.0182478924878;
1995, 0.0195711390248;
1996, 0.0204877293089;
1997, 0.0213978647319;
1998, 0.0224177327946;
1999, 0.023179406411;
2000, 0.0236118821084;
2001, 0.0237409793315;
2002, 0.0237990730819;
2003, 0.0241153612786;
2004, 0.0243154619744;
2005, 0.0244832883645;
2006, 0.0236312466919;
2007, 0.023469875163;
2008, 0.0229534862705;
2009, 0.022353184183;
2010, 0.0218948890409;
2011, 0.021236493203;
2012, 0.0212494029253;
2013, 0.0209653890345;
2014, 0.0202682640296;
