1988, 0.00669369101871;
1989, 0.00666787157408;
1990, 0.00669369101871;
1991, 0.0066355972683;
1992, 0.00670660074102;
1993, 0.00690670143685;
1994, 0.00714553129962;
1995, 0.00718426046656;
1996, 0.00734563199546;
1997, 0.00731981255083;
1998, 0.00727462852274;
1999, 0.00744245491279;
2000, 0.00782974658215;
2001, 0.00796529866643;
2002, 0.0077781076929;
2003, 0.00784265630446;
2004, 0.00799111811105;
2005, 0.00815248963995;
2006, 0.00818476394573;
2007, 0.00868824311589;
2008, 0.0089658021456;
2009, 0.00917881256374;
2010, 0.00958546881657;
2011, 0.00970811117853;
2012, 0.0100631285421;
2013, 0.0102051354875;
2014, 0.0104568750726;
