1988, 0.00506061114625;
1989, 0.00506061114625;
1990, 0.00510579517435;
1991, 0.00471204864383;
1992, 0.00447321878106;
1993, 0.00442803475297;
1994, 0.00432475697448;
1995, 0.00413756600096;
1996, 0.00376318405391;
1997, 0.00356308335808;
1998, 0.00333716321762;
1999, 0.00294987154826;
2000, 0.00293696182595;
2001, 0.00292405210364;
2002, 0.00282077432514;
2003, 0.00273686113012;
2004, 0.00274977085243;
2005, 0.00271104168549;
2006, 0.00263358335162;
2007, 0.00257548960122;
2008, 0.00269167710203;
2009, 0.00273686113012;
2010, 0.00287241321439;
2011, 0.00316288196641;
2012, 0.00347917016305;
2013, 0.00365990627542;
2014, 0.00389228127703;
