1988, 0.0500380836808;
1989, 0.0505932017402;
1990, 0.0508772156311;
1991, 0.050502833684;
1992, 0.0509869482707;
1993, 0.0502575489601;
1994, 0.0491408579801;
1995, 0.0482694517241;
1996, 0.0481726288068;
1997, 0.0578936497076;
1998, 0.0569060559507;
1999, 0.0551632434386;
2000, 0.0528975871729;
2001, 0.0508772156311;
2002, 0.0491214933967;
2003, 0.0472043996334;
2004, 0.0456939621229;
2005, 0.0450936600354;
2006, 0.0445191773925;
2007, 0.0445320871148;
2008, 0.0447515523941;
2009, 0.0462038961542;
2010, 0.0467912885194;
2011, 0.0469913892152;
2012, 0.0471785801887;
2013, 0.0483598197803;
2014, 0.0483017260299;
