1988, 0.0139037709299;
1989, 0.0133357431482;
1990, 0.012541795226;
1991, 0.0123675139748;
1992, 0.0119866771666;
1993, 0.011754302165;
1994, 0.0117994861931;
1995, 0.0118704896658;
1996, 0.0120318611947;
1997, 0.0120641355004;
1998, 0.0274267050516;
1999, 0.0273879758846;
2000, 0.0278269064432;
2001, 0.0283368404746;
2002, 0.0286918578381;
2003, 0.0290533300629;
2004, 0.0285950349208;
2005, 0.0277236286647;
2006, 0.02719433005;
2007, 0.0266069376848;
2008, 0.0266714862963;
2009, 0.026781218936;
2010, 0.0270458682434;
2011, 0.0275622571358;
2012, 0.0278204515821;
2013, 0.0280334620002;
2014, 0.0280592814449;
