1988, 0.0102761389603;
1989, 0.00992757645783;
1990, 0.00920463200837;
1991, 0.00879152089439;
1992, 0.00846877783659;
1993, 0.00817830908457;
1994, 0.00791365977718;
1995, 0.00771355908134;
1996, 0.00784265630446;
1997, 0.00808148616723;
1998, 0.00817185422342;
1999, 0.00837195491925;
2000, 0.00867533339358;
2001, 0.00903035075716;
2002, 0.00932081950917;
2003, 0.00944346187114;
2004, 0.00972102090084;
2005, 0.00973393062315;
2006, 0.00985657298512;
2007, 0.0103987813222;
2008, 0.0106505209073;
2009, 0.0109151702147;
2010, 0.0113153716064;
2011, 0.0112379132725;
2012, 0.0114380139683;
2013, 0.0116639341088;
2014, 0.0117994861931;
