1988, 0.00398264933321;
1989, 0.00406010766708;
1990, 0.00416338544558;
1991, 0.00426020836292;
1992, 0.00432475697448;
1993, 0.00437639586372;
1994, 0.00433766669679;
1995, 0.00438930558604;
1996, 0.00446030905875;
1997, 0.00448612850338;
1998, 0.00470559378268;
1999, 0.00486696531158;
2000, 0.00484114586695;
2001, 0.00497669795123;
2002, 0.0050541562851;
2003, 0.00520261809168;
2004, 0.00539626392636;
2005, 0.00553827087179;
2006, 0.00570609726185;
2007, 0.00611275351467;
2008, 0.00627412504357;
2009, 0.00658395837906;
2010, 0.00702288893766;
2011, 0.00728753824505;
2012, 0.00764901046978;
2013, 0.00801693755567;
2014, 0.00803630213914;
