1988, 0.0190224758265;
1989, 0.019829333471;
1990, 0.0202682640296;
1991, 0.0206813751436;
1992, 0.0210170279237;
1993, 0.0213914098708;
1994, 0.0216173300112;
1995, 0.0219723473748;
1996, 0.0227792050193;
1997, 0.0237926182208;
1998, 0.024586566143;
1999, 0.025871083513;
2000, 0.0273234272731;
2001, 0.0279366390829;
2002, 0.029350253676;
2003, 0.0303701217387;
2004, 0.0324356773086;
2005, 0.0344431391281;
2006, 0.0356953821923;
2007, 0.0399555905552;
2008, 0.0431701114109;
2009, 0.0457262364287;
2010, 0.048598649643;
2011, 0.0508384864642;
2012, 0.0530718684241;
2013, 0.0556989969146;
2014, 0.0576096358167;
