1988, 0.00302732988213;
1989, 0.00320161113334;
1990, 0.00694543060379;
1991, 0.00737790630124;
1992, 0.00750700352435;
1993, 0.00770064935903;
1994, 0.00837840978041;
1995, 0.00901098617369;
1996, 0.00957901395541;
1997, 0.0105795174346;
1998, 0.0114961077187;
1999, 0.012212597307;
2000, 0.0128128993945;
2001, 0.0131872813416;
2002, 0.0136778507894;
2003, 0.0139554098191;
2004, 0.0140651424588;
2005, 0.0143039723216;
2006, 0.0146202605182;
2007, 0.0144330695447;
2008, 0.0142329688488;
2009, 0.0143362466273;
2010, 0.0142006945431;
2011, 0.0144847084339;
2012, 0.0143685209331;
2013, 0.0142716980158;
2014, 0.014323336905;
