1988, 0.0144847084339;
1989, 0.0153754792734;
1990, 0.0161629723345;
1991, 0.0168084584501;
1992, 0.0176024063722;
1993, 0.0185770904068;
1994, 0.0195582293025;
1995, 0.020074618195;
1996, 0.020655555699;
1997, 0.0211073959799;
1998, 0.0218690695963;
1999, 0.0227017466854;
2000, 0.0233278682176;
2001, 0.0241992744736;
2002, 0.0245155626702;
2003, 0.02496094809;
2004, 0.0253353300371;
2005, 0.0259356321246;
2006, 0.0266456668517;
2007, 0.027775267554;
2008, 0.0288403196447;
2009, 0.0301377467371;
2010, 0.0313125314674;
2011, 0.0320419307781;
2012, 0.0330682537019;
2013, 0.0340235731529;
2014, 0.0343915002388;
