1988, 0.0577516427622;
1989, 0.0574288997044;
1990, 0.0567898684499;
1991, 0.0584810420728;
1992, 0.0603852261138;
1993, 0.0619408476524;
1994, 0.0628316184919;
1995, 0.0631543615497;
1996, 0.0639224900272;
1997, 0.0697125004841;
1998, 0.0702934379881;
1999, 0.072275080363;
2000, 0.0735660525942;
2001, 0.0744051845445;
2002, 0.0741340803759;
2003, 0.0742889970437;
2004, 0.0746440144073;
2005, 0.0754315074683;
2006, 0.075379868579;
2007, 0.0762254553905;
2008, 0.0777358929009;
2009, 0.0786524831851;
2010, 0.0800725526394;
2011, 0.0816475387614;
2012, 0.0830869727992;
2013, 0.0848685144783;
2014, 0.0872632679671;
