1988, 5.80937504034e-05;
1989, 2.58194446237e-05;
1990, 2.58194446237e-05;
1991, 4.51840280916e-05;
1992, 2.58194446237e-05;
1993, 4.51840280916e-05;
1994, 7.10034727153e-05;
1995, 6.45486115594e-05;
1996, 7.74583338712e-05;
1997, 9.03680561831e-05;
1998, 0.000122642361963;
1999, 0.000129097223119;
2000, 0.000154916667742;
2001, 0.000142006945431;
2002, 0.000142006945431;
2003, 0.000148461806587;
2004, 0.00017428125121;
2005, 0.00017428125121;
2006, 0.000180736112366;
2007, 0.000187190973522;
2008, 0.000193645834678;
2009, 0.000213010418146;
2010, 0.000167826390054;
2011, 0.000213010418146;
2012, 0.00020655555699;
2013, 0.000271104168549;
2014, 0.000303378474329;
