1988, 0.00875924658861;
1989, 0.0089658021456;
1990, 0.00917235770259;
1991, 0.00943055214882;
1992, 0.00972102090084;
1993, 0.0100502188198;
1994, 0.0103987813222;
1995, 0.0106763403519;
1996, 0.011011993132;
1997, 0.0113863750791;
1998, 0.0113153716064;
1999, 0.0115993854972;
2000, 0.0116768438311;
2001, 0.0117478473038;
2002, 0.0116962084146;
2003, 0.0117865764707;
2004, 0.011715572998;
2005, 0.0116768438311;
2006, 0.0116058403584;
2007, 0.0116510243865;
2008, 0.0117478473038;
2009, 0.0118059410542;
2010, 0.0118963091104;
2011, 0.0120576806393;
2012, 0.0123223299467;
2013, 0.0127548056441;
2014, 0.0132389202308;
