1988, 0.0096241979835;
1989, 0.014323336905;
1990, 0.0135035695382;
1991, 0.0128645382838;
1992, 0.0122900556409;
1993, 0.0121415938343;
1994, 0.0119414931385;
1995, 0.0116252049418;
1996, 0.0112766424394;
1997, 0.0111475452163;
1998, 0.0111604549386;
1999, 0.0109861736874;
2000, 0.011134635494;
2001, 0.0114057396625;
2002, 0.0117284827203;
2003, 0.0120124966112;
2004, 0.012251326474;
2005, 0.012419152864;
2006, 0.0126644375879;
2007, 0.0128839028672;
2008, 0.0129419966177;
2009, 0.0133486528705;
2010, 0.0133357431482;
2011, 0.0136391216225;
2012, 0.0136068473167;
2013, 0.0137165799564;
2014, 0.0138779514853;
