1988, 0.00884961464479;
1989, 0.00865596881011;
1990, 0.00850750700352;
1991, 0.00879797575554;
1992, 0.00892707297866;
1993, 0.00894643756213;
1994, 0.00895934728444;
1995, 0.00883670492248;
1996, 0.00875279172745;
1997, 0.00885606950594;
1998, 0.0089206181175;
1999, 0.00923045145299;
2000, 0.00924981603646;
2001, 0.00927563548108;
2002, 0.00930790978686;
2003, 0.0133421980093;
2004, 0.0136262119002;
2005, 0.0140974167646;
2006, 0.0143749757943;
2007, 0.0144137049612;
2008, 0.0145557119066;
2009, 0.0148009966306;
2010, 0.0154142084404;
2011, 0.0154206633015;
2012, 0.0156336737197;
2013, 0.0158918681659;
2014, 0.0163178890022;
