1988, 0.000193645834678;
1989, 0.000219465279302;
1990, 0.000200100695834;
1991, 0.000200100695834;
1992, 0.000232375001614;
1993, 0.000232375001614;
1994, 0.00020655555699;
1995, 0.000193645834678;
1996, 0.000258194446237;
1997, 0.000316288196641;
1998, 0.000335652780109;
1999, 0.000367927085888;
2000, 0.000335652780109;
2001, 0.000355017363577;
2002, 0.000458295142071;
2003, 0.000329197918953;
2004, 0.000361472224732;
2005, 0.000432475697448;
2006, 0.000477659725539;
2007, 0.000561572920566;
2008, 0.000542208337099;
2009, 0.000606756948658;
2010, 0.000522843753631;
2011, 0.000529298614787;
2012, 0.00058739236519;
2013, 0.000626121532126;
2014, 0.000626121532126;
