1988, 0.0218948890409;
1989, 0.0212687675088;
1990, 0.0210815765353;
1991, 0.0207652883386;
1992, 0.0205651876428;
1993, 0.0199390661107;
1994, 0.0196873265256;
1995, 0.0193452188843;
1996, 0.0191128438827;
1997, 0.0192613056893;
1998, 0.0193645834678;
1999, 0.0192032119389;
2000, 0.0197970591653;
2001, 0.0199326112495;
2002, 0.0198551529157;
2003, 0.0200681633338;
2004, 0.0199907049999;
2005, 0.0204877293089;
2006, 0.0201068925007;
2007, 0.0203069931966;
2008, 0.0200939827784;
2009, 0.0198099688876;
2010, 0.0195001355521;
2011, 0.0190095661042;
2012, 0.018751371658;
2013, 0.0185383612398;
2014, 0.0185577258233;
