1988, 0.00700997921535;
1989, 0.00760382644169;
1990, 0.00815248963995;
1991, 0.00876570144976;
1992, 0.00932081950917;
1993, 0.009727475762;
1994, 0.0101986806264;
1995, 0.0107731632693;
1996, 0.0113476459121;
1997, 0.0115348368857;
1998, 0.0117930313319;
1999, 0.0117091181369;
2000, 0.0117865764707;
2001, 0.011715572998;
2002, 0.0118575799435;
2003, 0.0118769445269;
2004, 0.0118446702211;
2005, 0.0119092188327;
2006, 0.0118446702211;
2007, 0.0119414931385;
2008, 0.0121351389732;
2009, 0.0123094202244;
2010, 0.0121609584178;
2011, 0.0121415938343;
2012, 0.0121996875847;
2013, 0.0121738681401;
2014, 0.0120835000839;
