1988, 0.10352951808;
1989, 0.103665070164;
1990, 0.103858715999;
1991, 0.103374601412;
1992, 0.103258413912;
1993, 0.103890990305;
1994, 0.105349788926;
1995, 0.106924775048;
1996, 0.107092601438;
1997, 0.109655181317;
1998, 0.110707323685;
1999, 0.110991337576;
2000, 0.111759466054;
2001, 0.112146757723;
2002, 0.111966021611;
2003, 0.112469500781;
2004, 0.112269400085;
2005, 0.111785285499;
2006, 0.113082712591;
2007, 0.112288764669;
2008, 0.112133848001;
2009, 0.112217761196;
2010, 0.112056389667;
2011, 0.111004247299;
2012, 0.109532538955;
2013, 0.109022604924;
2014, 0.107376615329;
