1988, 0.0130969132854;
1989, 0.0132131007862;
1990, 0.0134196563432;
1991, 0.0134002917597;
1992, 0.0134261112043;
1993, 0.013413201482;
1994, 0.0136972153729;
1995, 0.014032868153;
1996, 0.0145428021843;
1997, 0.0155045764966;
1998, 0.0162985244187;
1999, 0.0170279237294;
2000, 0.0173893959541;
2001, 0.0179380591523;
2002, 0.0184544480448;
2003, 0.0187449167968;
2004, 0.018919198048;
2005, 0.0323969481416;
2006, 0.0328487884226;
2007, 0.0322291217516;
2008, 0.03199674675;
2009, 0.0322743057797;
2010, 0.0329197918953;
2011, 0.0327132363383;
2012, 0.0326099585598;
2013, 0.0331844412027;
2014, 0.0337911981513;
