1988, 0.00403428822246;
1989, 0.00389228127703;
1990, 0.00356308335808;
1991, 0.00345335071843;
1992, 0.00345335071843;
1993, 0.00335007293993;
1994, 0.00340171182918;
1995, 0.00350498960767;
1996, 0.00370509030351;
1997, 0.00382773266547;
1998, 0.00392455558281;
1999, 0.00392455558281;
2000, 0.00406010766708;
2001, 0.00409883683402;
2002, 0.00415693058442;
2003, 0.00426020836292;
2004, 0.00420856947367;
2005, 0.0041892048902;
2006, 0.00424729864061;
2007, 0.00430539239101;
2008, 0.00418275002905;
2009, 0.00426666322407;
2010, 0.0043505764191;
2011, 0.00441512503066;
2012, 0.00450549308684;
2013, 0.00443448961413;
2014, 0.00455713197609;
