1988, 0.00703579865997;
1989, 0.00737145144008;
1990, 0.00749409380204;
1991, 0.00741663546817;
1992, 0.00735854171777;
1993, 0.00738436116239;
1994, 0.00744245491279;
1995, 0.00731981255083;
1996, 0.00719717018887;
1997, 0.00682924310298;
1998, 0.00673242018564;
1999, 0.00649359032287;
2000, 0.00662914240715;
2001, 0.0067388750468;
2002, 0.00679051393605;
2003, 0.00682924310298;
2004, 0.00671951046333;
2005, 0.00678405907489;
2006, 0.00675178476911;
2007, 0.0070164340765;
2008, 0.00715198616078;
2009, 0.00713262157731;
2010, 0.00699706949304;
2011, 0.00700997921535;
2012, 0.00684215282529;
2013, 0.00665496185177;
2014, 0.00645486115594;
