1988, 0.0223144550161;
1989, 0.0218626147352;
1990, 0.021649604317;
1991, 0.0215592362608;
1992, 0.0215979654278;
1993, 0.0220239862641;
1994, 0.0219723473748;
1995, 0.0221595383483;
1996, 0.0224564619615;
1997, 0.0225791043235;
1998, 0.0227404758524;
1999, 0.0230438543267;
2000, 0.0232568647448;
2001, 0.023263319606;
2002, 0.0238248925266;
2003, 0.0236828855811;
2004, 0.023637701553;
2005, 0.0233536876622;
2006, 0.0227146564077;
2007, 0.022682382102;
2008, 0.0222757258491;
2009, 0.0223144550161;
2010, 0.0221208091814;
2011, 0.0215398716774;
2012, 0.0215979654278;
2013, 0.0211203057022;
2014, 0.0208492015337;
