1993, 0.00693897574263;
1994, 0.0072358993558;
1995, 0.00742309032933;
1996, 0.00758446185823;
1997, 0.0078813854714;
1998, 0.00816539936226;
1999, 0.00845586811428;
2000, 0.00868178825473;
2001, 0.00866242367127;
2002, 0.00895289242328;
2003, 0.0094047327042;
2004, 0.00952737506616;
2005, 0.00986948270743;
2006, 0.0100308542363;
2007, 0.0100631285421;
2008, 0.0103794167387;
2009, 0.0106505209073;
2010, 0.0108377118808;
2011, 0.0112895521617;
2012, 0.011631659803;
2013, 0.0120189514724;
2014, 0.0122061424459;
