1988, 0.0223790036276;
1989, 0.0224887362673;
1990, 0.0226113786292;
1991, 0.022643652935;
1992, 0.0221982675153;
1993, 0.0220433508475;
1994, 0.0215463265385;
1995, 0.0216883334839;
1996, 0.0215011425104;
1997, 0.0218755244575;
1998, 0.0220368959864;
1999, 0.0221272640426;
2000, 0.022185357793;
2001, 0.0208556563948;
2002, 0.0204619098643;
2003, 0.0201068925007;
2004, 0.0192677605505;
2005, 0.0186351841572;
2006, 0.0177960522069;
2007, 0.0170860174798;
2008, 0.0165115348369;
2009, 0.0166212674765;
2010, 0.0160467848337;
2011, 0.0159886910833;
2012, 0.0156917674701;
2013, 0.0153044758007;
2014, 0.0152528369115;
