1988, 0.0159564167775;
1989, 0.0163888924749;
1990, 0.0169375556732;
1991, 0.017466854288;
1992, 0.017718593873;
1993, 0.0180929758201;
1994, 0.0186158195737;
1995, 0.0189772917985;
1996, 0.0194420418017;
1997, 0.0194936806909;
1998, 0.0195517744413;
1999, 0.0199455209718;
2000, 0.0204167258362;
2001, 0.0208750209783;
2002, 0.0213397709815;
2003, 0.0216883334839;
2004, 0.0220820800145;
2005, 0.0226501077962;
2006, 0.0225984689069;
2007, 0.0225920140458;
2008, 0.0226888369631;
2009, 0.0226242883516;
2010, 0.0227985696028;
2011, 0.022888937659;
2012, 0.0223080001549;
2013, 0.0218109758459;
2014, 0.021068666813;
