1988, 0.00520907295284;
1989, 0.00526071184209;
1990, 0.00570609726185;
1991, 0.00624185073779;
1992, 0.00668078129639;
1993, 0.00700352435419;
1994, 0.00725526393927;
1995, 0.00773292366481;
1996, 0.00841068408619;
1997, 0.00883670492248;
1998, 0.00929500006455;
1999, 0.00974684034546;
2000, 0.0102955035437;
2001, 0.0107796181304;
2002, 0.0113089167452;
2003, 0.0118317604988;
2004, 0.0121674132789;
2005, 0.0125934341152;
2006, 0.0134648403713;
2007, 0.0141813299596;
2008, 0.0149365487148;
2009, 0.0160016008056;
2010, 0.0170924723409;
2011, 0.0184092640167;
2012, 0.0194291320794;
2013, 0.0208040175056;
2014, 0.0223983682111;
