1988, 0.0200229793057;
1989, 0.0202876286131;
1990, 0.020365086947;
1991, 0.0205135487536;
1992, 0.021068666813;
1993, 0.0213074966757;
1994, 0.0211654897303;
1995, 0.0219142536244;
1996, 0.0224887362673;
1997, 0.0230890383548;
1998, 0.0235408786357;
1999, 0.0232891390506;
2000, 0.0234634203018;
2001, 0.0240572675282;
2002, 0.0236312466919;
2003, 0.0232762293283;
2004, 0.0228566633532;
2005, 0.0227921147416;
2006, 0.0233407779399;
2007, 0.0242509133629;
2008, 0.0251804133693;
2009, 0.0269296807426;
2010, 0.0275880765805;
2011, 0.026949045326;
2012, 0.0258129897626;
2013, 0.0245413821149;
2014, 0.0231535869663;
