1988, 0.0061385729593;
1989, 0.0061966667097;
1990, 0.00609984379236;
1991, 0.00596429170809;
1992, 0.00594492712462;
1993, 0.0058158299015;
1994, 0.00568673267838;
1995, 0.00568027781722;
1996, 0.00572546184532;
1997, 0.00585455906843;
1998, 0.0058158299015;
1999, 0.00578355559572;
2000, 0.00589974309653;
2001, 0.00593847226346;
2002, 0.00602238545849;
2003, 0.00613211809814;
2004, 0.00638385768322;
2005, 0.00660332296252;
2006, 0.00699061463188;
2007, 0.00746181949626;
2008, 0.00797175352758;
2009, 0.00832677089116;
2010, 0.00862369450433;
2011, 0.009023895896;
2012, 0.00926918061992;
2013, 0.0096241979835;
2014, 0.0099469410413;
