1988, 0.0134196563432;
1989, 0.0142200591265;
1990, 0.0150914653826;
1991, 0.0159693264998;
1992, 0.0167310001162;
1993, 0.0173829410929;
1994, 0.0176992292896;
1995, 0.0181897987374;
1996, 0.0183188959605;
1997, 0.0188094654084;
1998, 0.0190547501323;
1999, 0.0196744168033;
2000, 0.0201972605569;
2001, 0.0199648855553;
2002, 0.0200229793057;
2003, 0.0200487987503;
2004, 0.0206103716709;
2005, 0.020946024451;
2006, 0.0208556563948;
2007, 0.0223596390442;
2008, 0.0234763300241;
2009, 0.0239152605827;
2010, 0.0242057293348;
2011, 0.0242250939182;
2012, 0.0247221182272;
2013, 0.0248124862834;
2014, 0.0251094098966;
