1988, 0.0067969687972;
1989, 0.00731981255083;
1990, 0.00783620144331;
1991, 0.00855914589277;
1992, 0.00910780909103;
1993, 0.00990821187436;
1994, 0.0112701875783;
1995, 0.0116639341088;
1996, 0.0121222292508;
1997, 0.0130323646738;
1998, 0.0141748750984;
1999, 0.0149300938537;
2000, 0.0157885903874;
2001, 0.0167955487277;
2002, 0.0177895973458;
2003, 0.0187320070745;
2004, 0.0195582293025;
2005, 0.020571642504;
2006, 0.0216302397335;
2007, 0.0222176320987;
2008, 0.0226501077962;
2009, 0.0233795071068;
2010, 0.0241928196125;
2011, 0.0250900453131;
2012, 0.0264713856005;
2013, 0.0273686113012;
2014, 0.0284917571423;
