1988, 0.00921754173068;
1989, 0.00983075354049;
1990, 0.0101083125702;
1991, 0.0112637327171;
1992, 0.0114057396625;
1993, 0.0114767431353;
1994, 0.0117220278592;
1995, 0.0116962084146;
1996, 0.0117801216096;
1997, 0.0117220278592;
1998, 0.0117349375815;
1999, 0.0114702882741;
2000, 0.0115542014691;
2001, 0.0114961077187;
2002, 0.011509017441;
2003, 0.0117026632757;
2004, 0.0117607570261;
2005, 0.01183821536;
2006, 0.0118833993881;
2007, 0.0114573785518;
2008, 0.0112120938279;
2009, 0.0111669097998;
2010, 0.0112056389667;
2011, 0.0111862743832;
2012, 0.0110700868824;
2013, 0.0108958056312;
2014, 0.0105924271569;
