1988, 0.0455519551774;
1989, 0.0450872051742;
1990, 0.0445772711429;
1991, 0.0450420211461;
1992, 0.0460489794865;
1993, 0.0470365732433;
1994, 0.0472624933838;
1995, 0.0481855385291;
1996, 0.0486115593654;
1997, 0.0489730315901;
1998, 0.0490892190909;
1999, 0.0496701565949;
2000, 0.0501478163205;
2001, 0.0499864447916;
2002, 0.0492441357586;
2003, 0.0489472121455;
2004, 0.0486115593654;
2005, 0.0482049031125;
2006, 0.0482371774183;
2007, 0.048514736448;
2008, 0.0489536670066;
2009, 0.0493474135371;
2010, 0.0495991531222;
2011, 0.0503608267386;
2012, 0.05103858716;
2013, 0.0509740385484;
2014, 0.0523553788358;
