1988, 0.167942577555;
1989, 0.171421747718;
1990, 0.175391487329;
1991, 0.179490324163;
1992, 0.180426279031;
1993, 0.180045442223;
1994, 0.177411858871;
1995, 0.172983824118;
1996, 0.170324421322;
1997, 0.169272278953;
1998, 0.163792101832;
1999, 0.162597952518;
2000, 0.157647074011;
2001, 0.152554188559;
2002, 0.150540271879;
2003, 0.149042744091;
2004, 0.149178296175;
2005, 0.147177289217;
2006, 0.14574431004;
2007, 0.143982132944;
2008, 0.144143504473;
2009, 0.14300744891;
2010, 0.143188185022;
2011, 0.147583945469;
2012, 0.151766695498;
2013, 0.158150553182;
2014, 0.163921199055;
