1988, 0.000135552084275;
1989, 0.000129097223119;
1990, 0.000116187500807;
1991, 9.6822917339e-05;
1992, 0.000103277778495;
1993, 9.03680561831e-05;
1994, 0.000154916667742;
1995, 0.000142006945431;
1996, 0.000167826390054;
1997, 0.000180736112366;
1998, 0.000187190973522;
1999, 0.000225920140458;
2000, 0.000264649307393;
2001, 0.000303378474329;
2002, 0.000342107641265;
2003, 0.000335652780109;
2004, 0.000400201391668;
2005, 0.000490569447851;
2006, 0.000529298614787;
2007, 0.000529298614787;
2008, 0.000542208337099;
2009, 0.000613211809814;
2010, 0.000593847226346;
2011, 0.000606756948658;
2012, 0.000639031254438;
2013, 0.000658395837906;
2014, 0.000716489588309;
