1988, 0.00507352086857;
1989, 0.00507997572972;
1990, 0.00517679864706;
1991, 0.00526071184209;
1992, 0.005215527814;
1993, 0.0053317153148;
1994, 0.00555763545526;
1995, 0.00531880559249;
1996, 0.00529944100902;
1997, 0.0378190315126;
1998, 0.0375091981771;
1999, 0.0379093995688;
2000, 0.037999767625;
2001, 0.0372187294251;
2002, 0.0372703683144;
2003, 0.0366442467823;
2004, 0.0360503995559;
2005, 0.0352629064949;
2006, 0.0349143439925;
2007, 0.0335394585662;
2008, 0.0329520662011;
2009, 0.0321322988343;
2010, 0.0315900904972;
2011, 0.0310220627154;
2012, 0.0304863092395;
2013, 0.0299892849305;
2014, 0.0293115245091;
