1988, 0.00359535766386;
1989, 0.00367927085888;
1990, 0.00355017363577;
1991, 0.00373736460929;
1992, 0.00371800002582;
1993, 0.00372445488698;
1994, 0.0036469965531;
1995, 0.00371800002582;
1996, 0.00372445488698;
1997, 0.00361472224732;
1998, 0.00370509030351;
1999, 0.00362763196964;
2000, 0.00370509030351;
2001, 0.00375672919276;
2002, 0.00373736460929;
2003, 0.00376318405391;
2004, 0.00403428822246;
2005, 0.00408592711171;
2006, 0.00431830211332;
2007, 0.00446030905875;
2008, 0.00438285072488;
2009, 0.00452485767031;
2010, 0.00457649655956;
2011, 0.0047895069777;
2012, 0.00482178128348;
2013, 0.00513806948013;
2014, 0.00510579517435;
