1988, 0.0230954932159;
1989, 0.0235666980803;
1990, 0.0236957953034;
1991, 0.0236506112754;
1992, 0.0240637223893;
1993, 0.0245542918372;
1994, 0.0249674029512;
1995, 0.0253998786486;
1996, 0.0258000800403;
1997, 0.0258775383741;
1998, 0.0258323543461;
1999, 0.0258646286518;
2000, 0.0260066355973;
2001, 0.0258646286518;
2002, 0.0251545939247;
2003, 0.0245026529479;
2004, 0.0233795071068;
2005, 0.0220110765417;
2006, 0.0204554550032;
2007, 0.0192548508282;
2008, 0.0180026077639;
2009, 0.016847187617;
2010, 0.0153625695511;
2011, 0.0146589896851;
2012, 0.0142652431546;
2013, 0.0137036702341;
2014, 0.0133615625928;
