1988, 0.00017428125121;
1989, 0.000219465279302;
1990, 0.000219465279302;
1991, 0.000225920140458;
1992, 0.000277559029705;
1993, 0.000284013890861;
1994, 0.000322743057797;
1995, 0.000290468752017;
1996, 0.000296923613173;
1997, 0.000342107641265;
1998, 0.000361472224732;
1999, 0.000316288196641;
2000, 0.000419565975136;
2001, 0.000367927085888;
2002, 0.000438930558604;
2003, 0.000458295142071;
2004, 0.000438930558604;
2005, 0.000451840280916;
2006, 0.0003808368082;
2007, 0.000484114586695;
2008, 0.000477659725539;
2009, 0.000484114586695;
2010, 0.000613211809814;
2011, 0.000664850699061;
2012, 0.000645486115594;
2013, 0.00061966667097;
2014, 0.00065194097675;
