1988, 0.00705516324344;
1989, 0.00715844102193;
1990, 0.00734563199546;
1991, 0.00746827435742;
1992, 0.00750700352435;
1993, 0.00744890977395;
1994, 0.0075586424136;
1995, 0.00741663546817;
1996, 0.00751991324667;
1997, 0.00750700352435;
1998, 0.00751345838551;
1999, 0.00753927783013;
2000, 0.00779747227637;
2001, 0.00786202088793;
2002, 0.0079394792218;
2003, 0.00836550005809;
2004, 0.00870760769936;
2005, 0.00921754173068;
2006, 0.00931436464802;
2007, 0.00995339590245;
2008, 0.0105601528511;
2009, 0.0109409896593;
2010, 0.0112895521617;
2011, 0.0116187500807;
2012, 0.0121157743897;
2013, 0.0123546042525;
2014, 0.0125159757814;
