1988, 0.00402137850015;
1989, 0.00405365280593;
1990, 0.00433766669679;
1991, 0.00444094447528;
1992, 0.00449903822569;
1993, 0.00453131253147;
1994, 0.00459586114303;
1995, 0.00459586114303;
1996, 0.00479596183886;
1997, 0.00503479170163;
1998, 0.00513806948013;
1999, 0.00558345489989;
2000, 0.00585455906843;
2001, 0.00605465976427;
2002, 0.00630639934935;
2003, 0.00650004518403;
2004, 0.00674532990795;
2005, 0.00721653477234;
2006, 0.00744245491279;
2007, 0.00787493061024;
2008, 0.00835259033578;
2009, 0.00856560075393;
2010, 0.00888834381172;
2011, 0.00907553478525;
2012, 0.00943055214882;
2013, 0.00966938201159;
2014, 0.00980493409587;
