1988, 0.0242186390571;
1989, 0.0239346251662;
1990, 0.0246382050322;
1991, 0.0253030557313;
1992, 0.0251610487858;
1993, 0.0254967015659;
1994, 0.0253224203147;
1995, 0.0249674029512;
1996, 0.0239798091943;
1997, 0.0231277675217;
1998, 0.0228114793251;
1999, 0.0219917119583;
2000, 0.0205651876428;
2001, 0.0196421424975;
2002, 0.0197389654149;
2003, 0.0189643820761;
2004, 0.0188288299919;
2005, 0.019125753605;
2006, 0.019125753605;
2007, 0.0186932779076;
2008, 0.0193064897174;
2009, 0.019577593886;
2010, 0.0196550522198;
2011, 0.0196873265256;
2012, 0.0197970591653;
2013, 0.0204167258362;
2014, 0.0205393681982;
