1988, 0.0228566633532;
1989, 0.0233601425233;
1990, 0.0233278682176;
1991, 0.0231342223829;
1992, 0.022643652935;
1993, 0.021940073069;
1994, 0.021068666813;
1995, 0.0205974619486;
1996, 0.0201198022231;
1997, 0.0199132466661;
1998, 0.0194807709686;
1999, 0.0191322084662;
2000, 0.0182608022101;
2001, 0.0180155174862;
2002, 0.0180284272085;
2003, 0.018422173739;
2004, 0.0183447154052;
2005, 0.0182930765159;
2006, 0.0180607015143;
2007, 0.0181187952647;
2008, 0.0179186945689;
2009, 0.0175959515111;
2010, 0.0175959515111;
2011, 0.0176798647061;
2012, 0.0175055834549;
2013, 0.0174797640103;
2014, 0.0176798647061;
