1988, 0.000161371528898;
1989, 0.000187190973522;
1990, 0.000193645834678;
1991, 0.000219465279302;
1992, 0.000167826390054;
1993, 0.00017428125121;
1994, 0.00020655555699;
1995, 0.000200100695834;
1996, 0.000232375001614;
1997, 0.000187190973522;
1998, 0.000251739585082;
1999, 0.000271104168549;
2000, 0.000258194446237;
2001, 0.000225920140458;
2002, 0.00023882986277;
2003, 0.000251739585082;
2004, 0.000245284723926;
2005, 0.000251739585082;
2006, 0.000264649307393;
2007, 0.000271104168549;
2008, 0.000296923613173;
2009, 0.000232375001614;
2010, 0.00023882986277;
2011, 0.000271104168549;
2012, 0.000322743057797;
2013, 0.000393746530512;
2014, 0.00044538541976;
