1988, 0.0157627709428;
1989, 0.0161694271956;
1990, 0.0209072952841;
1991, 0.0207846529221;
1992, 0.0202553543073;
1993, 0.0205200036147;
1994, 0.0205651876428;
1995, 0.0209072952841;
1996, 0.0207201043106;
1997, 0.0205458230593;
1998, 0.0211073959799;
1999, 0.0215592362608;
2000, 0.0214107744542;
2001, 0.0220110765417;
2002, 0.0223725487665;
2003, 0.0225274654342;
2004, 0.0228631182143;
2005, 0.0235666980803;
2006, 0.0233924168291;
2007, 0.0229212119647;
2008, 0.0223854584888;
2009, 0.0229147571036;
2010, 0.022437097378;
2011, 0.0219917119583;
2012, 0.0211590348692;
2013, 0.0202037154181;
2014, 0.0195065904132;
