1988, 0.02847884742;
1989, 0.0293373439537;
1990, 0.0301054724313;
1991, 0.0304282154891;
1992, 0.0311640696609;
1993, 0.0320290210558;
1994, 0.0324873161978;
1995, 0.0331069828688;
1996, 0.0337718335679;
1997, 0.032990795368;
1998, 0.0322355766127;
1999, 0.0321968474458;
2000, 0.032455041892;
2001, 0.0329456113399;
2002, 0.0333522675927;
2003, 0.0343850453777;
2004, 0.0355404655246;
2005, 0.0362053162236;
2006, 0.0363925071972;
2007, 0.0372768231755;
2008, 0.0381159551258;
2009, 0.0391810072165;
2010, 0.0401363266676;
2011, 0.0406139863932;
2012, 0.0412078336195;
2013, 0.0410722815352;
2014, 0.0405300731981;
