1988, 0.00733272227314;
1989, 0.00770710422019;
1990, 0.00802339241683;
1991, 0.00843004866965;
1992, 0.00861723964318;
1993, 0.00873988200514;
1994, 0.0089658021456;
1995, 0.00915944798027;
1996, 0.00931436464802;
1997, 0.00931436464802;
1998, 0.00957901395541;
1999, 0.00966292715044;
2000, 0.00976620492893;
2001, 0.00969520145622;
2002, 0.00974038548431;
2003, 0.00997921534708;
2004, 0.0100437639586;
2005, 0.0104116910445;
2006, 0.0104568750726;
2007, 0.0112250035502;
2008, 0.0118446702211;
2009, 0.0122448716128;
2010, 0.0127354410607;
2011, 0.0131420973135;
2012, 0.0132970139812;
2013, 0.0134906598159;
2014, 0.0139876841249;
