1988, 0.00948864589923;
1989, 0.00985011812396;
1990, 0.0101922257652;
1991, 0.0107150695189;
1992, 0.0111217257717;
1993, 0.0115735660526;
1994, 0.0119285834162;
1995, 0.0126321632822;
1996, 0.0130323646738;
1997, 0.0134906598159;
1998, 0.0142136042654;
1999, 0.0143168820439;
2000, 0.0148978195479;
2001, 0.015317385523;
2002, 0.01535611469;
2003, 0.0154335730238;
2004, 0.0155820348304;
2005, 0.0152399271892;
2006, 0.0151172848272;
2007, 0.0148720001033;
2008, 0.0145557119066;
2009, 0.0147751771859;
2010, 0.0147041737132;
2011, 0.0149623681595;
2012, 0.0153238403842;
2013, 0.0157111320535;
2014, 0.0156594931643;
