1988, 0.00582873962381;
1989, 0.00592556254115;
1990, 0.00611920837583;
1991, 0.00617730212623;
1992, 0.00622248615432;
1993, 0.00651295490634;
1994, 0.00659041324021;
1995, 0.00666787157408;
1996, 0.00668723615755;
1997, 0.00674532990795;
1998, 0.00668078129639;
1999, 0.00678405907489;
2000, 0.00682278824182;
2001, 0.00708743754922;
2002, 0.00718426046656;
2003, 0.00729399310621;
2004, 0.00751345838551;
2005, 0.00784911116562;
2006, 0.00774583338712;
2007, 0.00761673616401;
2008, 0.00797820838874;
2009, 0.0081008507507;
2010, 0.00832031603;
2011, 0.00819121880688;
2012, 0.00827513200191;
2013, 0.00857205561508;
2014, 0.00846877783659;
