1988, 0.014820361214;
1989, 0.0154787570519;
1990, 0.0157369514982;
1991, 0.0162081563626;
1992, 0.0164082570584;
1993, 0.0166277223377;
1994, 0.0167826390054;
1995, 0.0170924723409;
1996, 0.0171828403971;
1997, 0.0173377570648;
1998, 0.0174797640103;
1999, 0.0174345799822;
2000, 0.017718593873;
2001, 0.0181187952647;
2002, 0.0185060869341;
2003, 0.0192806702728;
2004, 0.0205200036147;
2005, 0.0213849550096;
2006, 0.0219142536244;
2007, 0.0241089064174;
2008, 0.0258129897626;
2009, 0.0272266043557;
2010, 0.0283045661688;
2011, 0.0291372432579;
2012, 0.0299182814578;
2013, 0.0307380488246;
2014, 0.0306154064626;
