1988, 0.00659686810137;
1989, 0.00656459379559;
1990, 0.00666141671293;
1991, 0.00680987851951;
1992, 0.00704225352113;
1993, 0.00699061463188;
1994, 0.0071778056054;
1995, 0.00741018060702;
1996, 0.00738436116239;
1997, 0.00771355908134;
1998, 0.00795238894411;
1999, 0.00853332644815;
2000, 0.00879152089439;
2001, 0.00906907992409;
2002, 0.00937891325958;
2003, 0.00959192367772;
2004, 0.00986948270743;
2005, 0.0101728611818;
2006, 0.010431055628;
2007, 0.0105924271569;
2008, 0.0108635313254;
2009, 0.0111798195221;
2010, 0.0114638334129;
2011, 0.0115929306361;
2012, 0.0117091181369;
2013, 0.0121093195285;
2014, 0.0124837014756;
