1988, 0.00390519099934;
1989, 0.00486696531158;
1990, 0.00544790281561;
1991, 0.00600947573618;
1992, 0.00670014587986;
1993, 0.00729399310621;
1994, 0.00832031603;
1995, 0.00950801048269;
1996, 0.0102051354875;
1997, 0.0112701875783;
1998, 0.0128839028672;
1999, 0.014116781348;
2000, 0.0152399271892;
2001, 0.0167890938666;
2002, 0.0186545487407;
2003, 0.0193839480513;
2004, 0.0190805695769;
2005, 0.0196679619421;
2006, 0.020281173752;
2007, 0.0208298369502;
2008, 0.0211848543138;
2009, 0.0218367952905;
2010, 0.0223209098772;
2011, 0.0225339202954;
2012, 0.022850208492;
2013, 0.0228243890474;
2014, 0.0228695730755;
