1988, 0.0134971146771;
1989, 0.0137553091233;
1990, 0.0139618646803;
1991, 0.0141942396819;
1992, 0.0141813299596;
1993, 0.0140715973199;
1994, 0.013948954958;
1995, 0.0139812292638;
1996, 0.0139037709299;
1997, 0.0130710938408;
1998, 0.0126386181433;
1999, 0.012709621616;
2000, 0.0123997882806;
2001, 0.0124643368921;
2002, 0.0125159757814;
2003, 0.0126644375879;
2004, 0.0128193542557;
2005, 0.013038819535;
2006, 0.0134390209267;
2007, 0.0137617639845;
2008, 0.0135874827332;
2009, 0.0137553091233;
2010, 0.0137294896787;
2011, 0.0134842049548;
2012, 0.013413201482;
2013, 0.0132195556474;
2014, 0.0126967118937;
