1988, 0.0126515278656;
1989, 0.0131485521746;
1990, 0.0134648403713;
1991, 0.0136907605117;
1992, 0.0140715973199;
1993, 0.0141748750984;
1994, 0.0144717987116;
1995, 0.0145040730174;
1996, 0.0150398264933;
1997, 0.0149623681595;
1998, 0.0151237396884;
1999, 0.0152657466338;
2000, 0.0154593924685;
2001, 0.0158466841378;
2002, 0.0161371528898;
2003, 0.0163178890022;
2004, 0.0169246459509;
2005, 0.0169181910897;
2006, 0.0168342778947;
2007, 0.0169956494236;
2008, 0.0164986251146;
2009, 0.0163049792799;
2010, 0.016020965389;
2011, 0.0157563160816;
2012, 0.0156207639974;
2013, 0.0151818334388;
2014, 0.0144717987116;
