1988, 0.000555118059411;
1989, 0.000613211809814;
1990, 0.000703579865997;
1991, 0.000722944449465;
1992, 0.000813312505648;
1993, 0.000948864589923;
1994, 0.000955319451079;
1995, 0.000903680561831;
1996, 0.00105859722957;
1997, 0.00118123959154;
1998, 0.00118769445269;
1999, 0.00109732639651;
2000, 0.00118123959154;
2001, 0.00118769445269;
2002, 0.001200604175;
2003, 0.0012457882031;
2004, 0.0013038819535;
2005, 0.0014652534824;
2006, 0.00145234376009;
2007, 0.00145879862124;
2008, 0.00150398264933;
2009, 0.00149107292702;
2010, 0.00145879862124;
2011, 0.00170408334517;
2012, 0.00189772917985;
2013, 0.00194291320794;
2014, 0.00202037154181;
