1988, 0.0318870141103;
1989, 0.0318611946657;
1990, 0.0321000245285;
1991, 0.0322097571681;
1992, 0.0322162120293;
1993, 0.0318418300822;
1994, 0.030796142575;
1995, 0.030092562709;
1996, 0.0291307883967;
1997, 0.0279043647771;
1998, 0.0270265036599;
1999, 0.0257226217064;
2000, 0.0244122848918;
2001, 0.0232697744672;
2002, 0.0217399723732;
2003, 0.0210363925072;
2004, 0.0202553543073;
2005, 0.0194355869405;
2006, 0.0192548508282;
2007, 0.0195453195802;
2008, 0.0193129445786;
2009, 0.0193193994397;
2010, 0.0193516737455;
2011, 0.0197131459702;
2012, 0.0196744168033;
2013, 0.019622777914;
2014, 0.0198422431933;
