1991, 0.014155510515;
1992, 0.0145557119066;
1993, 0.0150979202437;
1994, 0.0152592917726;
1995, 0.0154335730238;
1996, 0.0156143091362;
1997, 0.0153754792734;
1998, 0.0148655452421;
1999, 0.0146654445463;
2000, 0.0146396251017;
2001, 0.0139876841249;
2002, 0.0134906598159;
2003, 0.0130840035631;
2004, 0.0129097223119;
2005, 0.0128128993945;
2006, 0.0124966111979;
2007, 0.0124514271698;
2008, 0.0121674132789;
2009, 0.0120705903616;
2010, 0.0120641355004;
2011, 0.0120770452228;
2012, 0.0117026632757;
2013, 0.0114638334129;
2014, 0.0113153716064;
