1988, 0.0230438543267;
1989, 0.021978802236;
1990, 0.0209008404229;
1991, 0.0197066911091;
1992, 0.0188933786034;
1993, 0.0181187952647;
1994, 0.0174539445657;
1995, 0.0171699306748;
1996, 0.0170989272021;
1997, 0.017015014007;
1998, 0.0169246459509;
1999, 0.0169569202566;
2000, 0.0169891945624;
2001, 0.0174991285937;
2002, 0.0274912536631;
2003, 0.0279753682498;
2004, 0.0288855036728;
2005, 0.0293373439537;
2006, 0.030053833542;
2007, 0.0297117259008;
2008, 0.030092562709;
2009, 0.0302862085437;
2010, 0.0306541356295;
2011, 0.0301958404875;
2012, 0.0301700210428;
2013, 0.0296988161785;
2014, 0.0295503543719;
