1988, 0.0145750764901;
1989, 0.0152011980222;
1990, 0.0154658473296;
1991, 0.0156530383031;
1992, 0.0160080556667;
1993, 0.0163824376138;
1994, 0.01647280567;
1995, 0.0168600973393;
1996, 0.0173183924814;
1997, 0.0174539445657;
1998, 0.0177056841507;
1999, 0.0175249480384;
2000, 0.0175249480384;
2001, 0.017673409845;
2002, 0.0177315035954;
2003, 0.017550767483;
2004, 0.0175830417888;
2005, 0.0177250487342;
2006, 0.0184931772118;
2007, 0.0198551529157;
2008, 0.0219077987632;
2009, 0.0243541911413;
2010, 0.0260453647642;
2011, 0.0270652328268;
2012, 0.0267683092137;
2013, 0.0263100140716;
2014, 0.0259485418469;
