1988, 0.00551890628833;
1989, 0.00569318753954;
1990, 0.00561572920566;
1991, 0.00577064587341;
1992, 0.00586101392959;
1993, 0.00573191670647;
1994, 0.00576419101225;
1995, 0.00569318753954;
1996, 0.00567382295607;
1997, 0.00571900698416;
1998, 0.00580292017919;
1999, 0.00599011115271;
2000, 0.00622894101548;
2001, 0.00640322226669;
2002, 0.00677114935258;
2003, 0.00724880907812;
2004, 0.00745536463511;
2005, 0.00789429519371;
2006, 0.0082622222796;
2007, 0.00861723964318;
2008, 0.00897871186791;
2009, 0.00942409728767;
2010, 0.00965647228928;
2011, 0.0101793160429;
2012, 0.0107537986858;
2013, 0.0235408786357;
2014, 0.0249480383677;
