1988, 0.0152722014949;
1989, 0.0156207639974;
1990, 0.0159822362221;
1991, 0.0163566181691;
1992, 0.016724545255;
1993, 0.0170795626186;
1994, 0.0176282258169;
1995, 0.0181058855424;
1996, 0.0184092640167;
1997, 0.0197196008314;
1998, 0.0210234827849;
1999, 0.0215786008443;
2000, 0.0218690695963;
2001, 0.0223596390442;
2002, 0.0224306425169;
2003, 0.0222563612657;
2004, 0.0224306425169;
2005, 0.0221401737649;
2006, 0.0225274654342;
2007, 0.021772246679;
2008, 0.0216108751501;
2009, 0.0219658925137;
2010, 0.0226694723796;
2011, 0.0234634203018;
2012, 0.0245542918372;
2013, 0.0255160661494;
2014, 0.0264584758782;
