1988, 0.0247414828107;
1989, 0.0258388092072;
1990, 0.0260453647642;
1991, 0.0267618543525;
1992, 0.0275299828301;
1993, 0.0287886807555;
1994, 0.0294858057603;
1995, 0.0307186842411;
1996, 0.0316998231368;
1997, 0.032203302307;
1998, 0.0339654794025;
1999, 0.0348497953809;
2000, 0.0352306321891;
2001, 0.0349014342701;
2002, 0.034772337047;
2003, 0.0348627051032;
2004, 0.0348497953809;
2005, 0.0341397606537;
2006, 0.0337072849563;
2007, 0.0332748092589;
2008, 0.0325712293929;
2009, 0.0322484863351;
2010, 0.0322097571681;
2011, 0.0322807606408;
2012, 0.0317191877203;
2013, 0.0311447050774;
2014, 0.0302926634048;
