1988, 0.020862111256;
1989, 0.0217270626509;
1990, 0.0228953925201;
1991, 0.023140677244;
1992, 0.0236828855811;
1993, 0.0242250939182;
1994, 0.0248124862834;
1995, 0.0252320522586;
1996, 0.0258323543461;
1997, 0.0258323543461;
1998, 0.0260260001807;
1999, 0.0258388092072;
2000, 0.0264068369889;
2001, 0.0273040626896;
2002, 0.0281819238068;
2003, 0.0285498508927;
2004, 0.0289565071455;
2005, 0.0293825279818;
2006, 0.0299892849305;
2007, 0.0301248370148;
2008, 0.0307767779915;
2009, 0.0313512606344;
2010, 0.0316998231368;
2011, 0.0321258439731;
2012, 0.0323646738359;
2013, 0.0326874168937;
2014, 0.032868153006;
