1988, 0.0085397813093;
1989, 0.00861723964318;
1990, 0.00862369450433;
1991, 0.00906262506293;
1992, 0.00937245839842;
1993, 0.00985011812396;
1994, 0.0103600521553;
1995, 0.0107021597965;
1996, 0.0111217257717;
1997, 0.0114831979964;
1998, 0.0116381146642;
1999, 0.0122577813351;
2000, 0.0128387188392;
2001, 0.013329288287;
2002, 0.013910225791;
2003, 0.0143943403777;
2004, 0.0146654445463;
2005, 0.0152722014949;
2006, 0.0159435070552;
2007, 0.0164211667807;
2008, 0.017137656369;
2009, 0.0176992292896;
2010, 0.0182414376267;
2011, 0.0185254515175;
2012, 0.0189127431869;
2013, 0.0190805695769;
2014, 0.0198164237487;
