1988, 0.00758446185823;
1989, 0.00799111811105;
1990, 0.00844941325312;
1991, 0.00867533339358;
1992, 0.00887543408941;
1993, 0.00932081950917;
1994, 0.00927563548108;
1995, 0.0093466389538;
1996, 0.00932727437033;
1997, 0.00909489936871;
1998, 0.00871406256051;
1999, 0.0084235938085;
2000, 0.00828158686307;
2001, 0.00801693755567;
2002, 0.00731335768968;
2003, 0.00719717018887;
2004, 0.00703579865997;
2005, 0.00693897574263;
2006, 0.00674532990795;
2007, 0.00660332296252;
2008, 0.00686151740876;
2009, 0.00671951046333;
2010, 0.00700997921535;
2011, 0.00715844102193;
2012, 0.00706161810459;
2013, 0.00693252088148;
2014, 0.0071778056054;
