1988, 0.0429441912704;
1989, 0.0438930558604;
1990, 0.0449581079511;
1991, 0.0460425246253;
1992, 0.0468493822698;
1993, 0.0479596183886;
1994, 0.0486761079769;
1995, 0.0495410593718;
1996, 0.0498444378461;
1997, 0.0496249725668;
1998, 0.0495410593718;
1999, 0.0499025315965;
2000, 0.0502381843767;
2001, 0.0504641045171;
2002, 0.0508513961865;
2003, 0.0506900246576;
2004, 0.0511354100773;
2005, 0.0505802920179;
2006, 0.0504963788229;
2007, 0.0506448406295;
2008, 0.0503220975717;
2009, 0.0506448406295;
2010, 0.0506835697964;
2011, 0.0506835697964;
2012, 0.0507868475749;
2013, 0.0503156427105;
2014, 0.0506900246576;
