1988, 0.00269167710203;
1989, 0.00285950349208;
1990, 0.00305314932676;
1991, 0.00322743057797;
1992, 0.00325970488375;
1993, 0.00340816669033;
1994, 0.00359535766386;
1995, 0.00367927085888;
1996, 0.00375672919276;
1997, 0.003808368082;
1998, 0.00390519099934;
1999, 0.00395682988859;
2000, 0.0040278333613;
2001, 0.00416338544558;
2002, 0.00425375350176;
2003, 0.00441512503066;
2004, 0.00455067711494;
2005, 0.00497669795123;
2006, 0.00518970836937;
2007, 0.00575128128994;
2008, 0.00629994448819;
2009, 0.00664850699061;
2010, 0.00691315629801;
2011, 0.00724880907812;
2012, 0.00748118407973;
2013, 0.00767482991441;
2014, 0.00781683685984;
