1988, 0.00378900349853;
1989, 0.00382127780431;
1990, 0.00382773266547;
1991, 0.00386000697125;
1992, 0.00386646183241;
1993, 0.00401492363899;
1994, 0.00416984030674;
1995, 0.0045700416984;
1996, 0.00463459030996;
1997, 0.00488632989504;
1998, 0.00486696531158;
1999, 0.00481532642233;
2000, 0.00480241670002;
2001, 0.00490569447851;
2002, 0.00495733336776;
2003, 0.00488632989504;
2004, 0.00477659725539;
2005, 0.00491214933967;
2006, 0.00513161461897;
2007, 0.00526071184209;
2008, 0.00540271878752;
2009, 0.00550599656601;
2010, 0.00553827087179;
2011, 0.00568673267838;
2012, 0.00564154865029;
2013, 0.00580292017919;
2014, 0.0058739236519;
