1988, 0.0831902505777;
1989, 0.0834226255793;
1990, 0.0836485457198;
1991, 0.083241889467;
1992, 0.0832741637727;
1993, 0.0834484450239;
1994, 0.0836937297479;
1995, 0.0852945353145;
1996, 0.0881023999174;
1997, 0.0911942784111;
1998, 0.0942667923213;
1999, 0.0969971985903;
2000, 0.0991466673552;
2001, 0.100670014588;
2002, 0.10285821252;
2003, 0.105194872258;
2004, 0.107757452137;
2005, 0.109106518119;
2006, 0.109138792425;
2007, 0.108364209086;
2008, 0.107673538942;
2009, 0.10710551116;
2010, 0.107951097972;
2011, 0.108035011167;
2012, 0.108809594506;
2013, 0.108680497283;
2014, 0.108235111863;
