1988, 0.0126967118937;
1989, 0.0126579827268;
1990, 0.0128387188392;
1991, 0.013245375092;
1992, 0.0134325660655;
1993, 0.013413201482;
1994, 0.0136326667613;
1995, 0.0137165799564;
1996, 0.013742399401;
1997, 0.0136133021779;
1998, 0.0134971146771;
1999, 0.0135164792605;
2000, 0.0134261112043;
2001, 0.0131356424523;
2002, 0.0130130000904;
2003, 0.0127289861995;
2004, 0.0123546042525;
2005, 0.0117930313319;
2006, 0.0113734653568;
2007, 0.0110313577155;
2008, 0.0105407882676;
2009, 0.0100437639586;
2010, 0.00990175701321;
2011, 0.00980493409587;
2012, 0.00961128826119;
2013, 0.00961128826119;
2014, 0.00954028478847;
