1988, 0.00893352783982;
1989, 0.00921754173068;
1990, 0.00975975006778;
1991, 0.010140586876;
1992, 0.0105278785453;
1993, 0.0111798195221;
1994, 0.0123029653632;
1995, 0.0136843056506;
1996, 0.014820361214;
1997, 0.0167310001162;
1998, 0.0185125417952;
1999, 0.0196679619421;
2000, 0.0202747188908;
2001, 0.0209008404229;
2002, 0.0215011425104;
2003, 0.0217399723732;
2004, 0.0217980661236;
2005, 0.0215075973716;
2006, 0.0213914098708;
2007, 0.02032635778;
2008, 0.0197841494429;
2009, 0.0191515730497;
2010, 0.0193645834678;
2011, 0.0192613056893;
2012, 0.019125753605;
2013, 0.0192419411058;
2014, 0.0194162223571;
