1988, 0.00472495836615;
1989, 0.00494442364545;
1990, 0.00513161461897;
1991, 0.00535753475943;
1992, 0.00555763545526;
1993, 0.00563509378913;
1994, 0.00566736809491;
1995, 0.00555763545526;
1996, 0.00561572920566;
1997, 0.00572546184532;
1998, 0.00578355559572;
1999, 0.00582873962381;
2000, 0.00582228476265;
2001, 0.00592556254115;
2002, 0.00578355559572;
2003, 0.0058739236519;
2004, 0.0058739236519;
2005, 0.0060933889312;
2006, 0.00626121532126;
2007, 0.00643549657247;
2008, 0.00666787157408;
2009, 0.00675178476911;
2010, 0.0068550625476;
2011, 0.0069002465757;
2012, 0.00713262157731;
2013, 0.00731335768968;
2014, 0.00740372574586;
