1988, 0.00790075005487;
1989, 0.00792656949949;
1990, 0.0108699861866;
1991, 0.0113734653568;
1992, 0.0131291875912;
1993, 0.0138069480125;
1994, 0.0145686216289;
1995, 0.0154077535792;
1996, 0.0160661494171;
1997, 0.0172086598417;
1998, 0.0188159202696;
1999, 0.0201520765288;
2000, 0.0210880313964;
2001, 0.0222628161268;
2002, 0.0236506112754;
2003, 0.0247414828107;
2004, 0.0251223196189;
2005, 0.0257936251791;
2006, 0.0263100140716;
2007, 0.0261680071262;
2008, 0.025871083513;
2009, 0.0256516182337;
2010, 0.0258517189295;
2011, 0.0254902467048;
2012, 0.025457972399;
2013, 0.0253676043428;
2014, 0.0256193439279;
