1988, 0.00624185073779;
1989, 0.00645486115594;
1990, 0.00675178476911;
1991, 0.00675823963027;
1992, 0.00710034727153;
1993, 0.00734563199546;
1994, 0.00765546533094;
1995, 0.00803630213914;
1996, 0.00816539936226;
1997, 0.00877215631092;
1998, 0.00922399659183;
1999, 0.00959192367772;
2000, 0.00995985076361;
2001, 0.0104504202115;
2002, 0.0105601528511;
2003, 0.0105859722957;
2004, 0.0106569757685;
2005, 0.0106763403519;
2006, 0.0106957049354;
2007, 0.0103600521553;
2008, 0.0102890486826;
2009, 0.010224500071;
2010, 0.0104504202115;
2011, 0.0104052361834;
2012, 0.0104568750726;
2013, 0.0105214236842;
2014, 0.0105730625734;
