1988, 0.00400846877784;
1989, 0.00393101044397;
1990, 0.00387937155472;
1991, 0.00393746530512;
1992, 0.00402137850015;
1993, 0.00399555905552;
1994, 0.0041311111398;
1995, 0.00426020836292;
1996, 0.00430539239101;
1997, 0.0044086701695;
1998, 0.00461522572649;
1999, 0.00497669795123;
2000, 0.00526716670324;
2001, 0.00544790281561;
2002, 0.00573837156763;
2003, 0.00602238545849;
2004, 0.00627412504357;
2005, 0.0065775035179;
2006, 0.00696479518726;
2007, 0.00739081602355;
2008, 0.00766837505325;
2009, 0.00822349311266;
2010, 0.00849459728121;
2011, 0.00886897922826;
2012, 0.00910780909103;
2013, 0.00935954867611;
2014, 0.00975975006778;
