1988, 0.000187190973522;
1989, 0.000187190973522;
1990, 0.000187190973522;
1991, 0.000232375001614;
1992, 0.000225920140458;
1993, 0.000296923613173;
1994, 0.000342107641265;
1995, 0.000303378474329;
1996, 0.000264649307393;
1997, 0.000284013890861;
1998, 0.000290468752017;
1999, 0.000258194446237;
2000, 0.000258194446237;
2001, 0.000284013890861;
2002, 0.000322743057797;
2003, 0.000322743057797;
2004, 0.000309833335485;
2005, 0.000296923613173;
2006, 0.000271104168549;
2007, 0.000329197918953;
2008, 0.000290468752017;
2009, 0.000258194446237;
2010, 0.000251739585082;
2011, 0.000296923613173;
2012, 0.000335652780109;
2013, 0.000342107641265;
2014, 0.000374381947044;
