1988, 0.0239088057216;
1989, 0.0245736564207;
1990, 0.0254386078155;
1991, 0.0257742605957;
1992, 0.0259679064303;
1993, 0.0262196460154;
1994, 0.0261680071262;
1995, 0.0262196460154;
1996, 0.0260582744865;
1997, 0.0262325557377;
1998, 0.0264972050451;
1999, 0.0263487432385;
2000, 0.0262196460154;
2001, 0.0267553994914;
2002, 0.027071687688;
2003, 0.0276978092201;
2004, 0.028065736306;
2005, 0.0338686564852;
2006, 0.034604510657;
2007, 0.036715250255;
2008, 0.038290236377;
2009, 0.0402912433354;
2010, 0.0416790384839;
2011, 0.0427892746027;
2012, 0.0442803475297;
2013, 0.0454293128155;
2014, 0.046649281574;
