1988, 0.00023882986277;
1989, 0.000258194446237;
1990, 0.00023882986277;
1991, 0.000251739585082;
1992, 0.000316288196641;
1993, 0.000335652780109;
1994, 0.000296923613173;
1995, 0.000342107641265;
1996, 0.000348562502421;
1997, 0.000361472224732;
1998, 0.000400201391668;
1999, 0.000374381947044;
2000, 0.000361472224732;
2001, 0.000348562502421;
2002, 0.000348562502421;
2003, 0.000258194446237;
2004, 0.000296923613173;
2005, 0.000329197918953;
2006, 0.000374381947044;
2007, 0.000419565975136;
2008, 0.00044538541976;
2009, 0.000484114586695;
2010, 0.000503479170163;
2011, 0.000535753475943;
2012, 0.000548663198255;
2013, 0.00061966667097;
2014, 0.000684215282529;
