1988, 0.00758446185823;
1989, 0.00768128477556;
1990, 0.00772646880366;
1991, 0.00792011463833;
1992, 0.00794593408296;
1993, 0.00816539936226;
1994, 0.00795238894411;
1995, 0.00790075005487;
1996, 0.00783620144331;
1997, 0.00797175352758;
1998, 0.00806212158376;
1999, 0.00812021533417;
2000, 0.00811376047301;
2001, 0.00802984727799;
2002, 0.00794593408296;
2003, 0.00803630213914;
2004, 0.00824931255729;
2005, 0.00843004866965;
2006, 0.00869469797705;
2007, 0.00912717367449;
2008, 0.00950155562154;
2009, 0.00973393062315;
2010, 0.00985657298512;
2011, 0.0101922257652;
2012, 0.0103987813222;
2013, 0.0105278785453;
2014, 0.0108828959089;
