1988, 0.0254837918436;
1989, 0.0260905487923;
1990, 0.0264972050451;
1991, 0.0266198474071;
1992, 0.026865132131;
1993, 0.0271104168549;
1994, 0.0273040626896;
1995, 0.0280463717225;
1996, 0.02847884742;
1997, 0.0283884793638;
1998, 0.0281690140845;
1999, 0.0277494481094;
2000, 0.0271104168549;
2001, 0.0264713856005;
2002, 0.0257419862899;
2003, 0.0251416842024;
2004, 0.0241992744736;
2005, 0.023140677244;
2006, 0.0220562605698;
2007, 0.0213333161204;
2008, 0.0202101702792;
2009, 0.0193968577736;
2010, 0.0190160209654;
2011, 0.0189127431869;
2012, 0.0187578265192;
2013, 0.0188481945753;
2014, 0.0191322084662;
