1988, 0.0109861736874;
1989, 0.0140651424588;
1990, 0.0149365487148;
1991, 0.0150527362156;
1992, 0.0152657466338;
1993, 0.0155045764966;
1994, 0.0157950452486;
1995, 0.0159886910833;
1996, 0.016266250113;
1997, 0.0167051806716;
1998, 0.0173054827591;
1999, 0.0176927744284;
2000, 0.0181446147093;
2001, 0.0233730522456;
2002, 0.0240249932224;
2003, 0.0246188404487;
2004, 0.025871083513;
2005, 0.0271168717161;
2006, 0.0278139967209;
2007, 0.029472896038;
2008, 0.0318870141103;
2009, 0.0333070835646;
2010, 0.034481868295;
2011, 0.0355791946915;
2012, 0.0370250835905;
2013, 0.0382127780431;
2014, 0.0390131808265;
