1988, 0.0103923264611;
1989, 0.0105795174346;
1990, 0.0107021597965;
1991, 0.0106247014627;
1992, 0.0105085139619;
1993, 0.0105214236842;
1994, 0.0104891493784;
1995, 0.010598882018;
1996, 0.0105472431288;
1997, 0.0103342327107;
1998, 0.0103600521553;
1999, 0.0103923264611;
2000, 0.0107086146577;
2001, 0.0107925278527;
2002, 0.0110184479932;
2003, 0.0113799202179;
2004, 0.0117220278592;
2005, 0.0120641355004;
2006, 0.0123675139748;
2007, 0.0132970139812;
2008, 0.0143039723216;
2009, 0.0150075521876;
2010, 0.0152915660784;
2011, 0.0157950452486;
2012, 0.0160338751113;
2013, 0.0163307987245;
2014, 0.0165373542815;
