1988, 0.0184867223506;
1989, 0.0187255522134;
1990, 0.0188804688811;
1991, 0.019454951524;
1992, 0.0200552536115;
1993, 0.0200939827784;
1994, 0.0203973612528;
1995, 0.0205070938924;
1996, 0.0207523786163;
1997, 0.0265811182401;
1998, 0.026781218936;
1999, 0.0275235279689;
2000, 0.0279495488052;
2001, 0.0281819238068;
2002, 0.0282400175572;
2003, 0.0284336633919;
2004, 0.0284530279754;
2005, 0.0288790488117;
2006, 0.0286531286712;
2007, 0.0290468752017;
2008, 0.0292986147868;
2009, 0.0295503543719;
2010, 0.030260389099;
2011, 0.0308219620196;
2012, 0.0318160106376;
2013, 0.0327971495333;
2014, 0.0336556460671;
