1988, 0.00230438543267;
1989, 0.00249157640619;
1990, 0.00258194446237;
1991, 0.00277559029705;
1992, 0.00291114238133;
1993, 0.00305960418791;
1994, 0.00313060766063;
1995, 0.00319515627219;
1996, 0.00357599308039;
1997, 0.00382773266547;
1998, 0.00409883683402;
1999, 0.00417629516789;
2000, 0.00435703128026;
2001, 0.00452485767031;
2002, 0.00433766669679;
2003, 0.00422147919598;
2004, 0.00447967364222;
2005, 0.00464750003227;
2006, 0.00484760072811;
2007, 0.00502188197932;
2008, 0.00518325350822;
2009, 0.00518325350822;
2010, 0.00560281948335;
2011, 0.00627412504357;
2012, 0.00668078129639;
2013, 0.00710034727153;
2014, 0.0075586424136;
