1988, 0.00371154516466;
1989, 0.0036921805812;
1990, 0.0040278333613;
1991, 0.00409883683402;
1992, 0.00407947225055;
1993, 0.00423438891829;
1994, 0.00436348614141;
1995, 0.0044538541976;
1996, 0.00471850350499;
1997, 0.0046733194769;
1998, 0.00477014239424;
1999, 0.00481532642233;
2000, 0.00462813544881;
2001, 0.00497669795123;
2002, 0.00515743406359;
2003, 0.00534462503712;
2004, 0.00553181601064;
2005, 0.00599011115271;
2006, 0.0061385729593;
2007, 0.00633221879397;
2008, 0.00670660074102;
2009, 0.00693897574263;
2010, 0.00735854171777;
2011, 0.00767482991441;
2012, 0.00789429519371;
2013, 0.00822994797382;
2014, 0.00840422922503;
