1988, 0.00433121183563;
1989, 0.00444739933644;
1990, 0.00434412155795;
1991, 0.00434412155795;
1992, 0.00449903822569;
1993, 0.00462168058765;
1994, 0.00488632989504;
1995, 0.00492505906198;
1996, 0.00508643059088;
1997, 0.00534462503712;
1998, 0.00557700003873;
1999, 0.00570609726185;
2000, 0.00604175004196;
2001, 0.00635158337744;
2002, 0.0064742257394;
2003, 0.00655813893443;
2004, 0.00644195143362;
2005, 0.00667432643524;
2006, 0.00666787157408;
2007, 0.00668078129639;
2008, 0.00674532990795;
2009, 0.00708098268806;
2010, 0.00721007991118;
2011, 0.00760382644169;
2012, 0.00809439588954;
2013, 0.00865596881011;
2014, 0.00913362853565;
