1988, 0.0374317398433;
1989, 0.0373026426202;
1990, 0.0375543822052;
1991, 0.0377351183176;
1992, 0.0378513058184;
1993, 0.0388001704083;
1994, 0.0395424794413;
1995, 0.0409496391733;
1996, 0.0419114134855;
1997, 0.0444675385032;
1998, 0.0470623926879;
1999, 0.0494442364545;
2000, 0.0508384864642;
2001, 0.0522069170292;
2002, 0.0536979899562;
2003, 0.0548082260751;
2004, 0.0558539135823;
2005, 0.0563186635855;
2006, 0.0571965247028;
2007, 0.0560023753889;
2008, 0.0555118059411;
2009, 0.0552729760783;
2010, 0.0550922399659;
2011, 0.0553956184402;
2012, 0.0557764552484;
2013, 0.0557441809427;
2014, 0.0562476601128;
