1988, 0.0109538993816;
1989, 0.0104439653503;
1990, 0.0100114896529;
1991, 0.00958546881657;
1992, 0.00950155562154;
1993, 0.00936600353726;
1994, 0.00932081950917;
1995, 0.00948864589923;
1996, 0.0094628264546;
1997, 0.00947573617691;
1998, 0.00949510076038;
1999, 0.00926272575877;
2000, 0.00945637159345;
2001, 0.00955964937194;
2002, 0.00965001742813;
2003, 0.00963710770581;
2004, 0.0099469410413;
2005, 0.0096822917339;
2006, 0.0096822917339;
2007, 0.00973393062315;
2008, 0.00965001742813;
2009, 0.00988884729089;
2010, 0.0097855695124;
2011, 0.0100114896529;
2012, 0.010017944514;
2013, 0.00999857993055;
2014, 0.0100954028479;
