1988, 0.000148461806587;
1989, 0.000148461806587;
1990, 0.000167826390054;
1991, 0.000180736112366;
1992, 0.000167826390054;
1993, 0.000167826390054;
1994, 0.000154916667742;
1995, 0.000154916667742;
1996, 0.000148461806587;
1997, 0.000154916667742;
1998, 0.000167826390054;
1999, 0.000142006945431;
2000, 0.000109732639651;
2001, 0.000142006945431;
2002, 0.00017428125121;
2003, 0.000180736112366;
2004, 0.00017428125121;
2005, 0.000193645834678;
2006, 0.000232375001614;
2007, 0.000219465279302;
2008, 0.000296923613173;
2009, 0.000271104168549;
2010, 0.000251739585082;
2011, 0.000329197918953;
2012, 0.000316288196641;
2013, 0.000335652780109;
2014, 0.000290468752017;
