1988, 0.0228824827978;
1989, 0.0250254967016;
1990, 0.0272136946334;
1991, 0.0294406217322;
1992, 0.0314480835517;
1993, 0.0343334064884;
1994, 0.0377415731788;
1995, 0.0424665315449;
1996, 0.0467138301855;
1997, 0.0538916357909;
1998, 0.062134493487;
1999, 0.0707323685468;
2000, 0.0788267644363;
2001, 0.0869340700482;
2002, 0.0959579659442;
2003, 0.104833400034;
2004, 0.114328500794;
2005, 0.122836007797;
2006, 0.132853952311;
2007, 0.139179716244;
2008, 0.146209060043;
2009, 0.154213087876;
2010, 0.161687817095;
2011, 0.170298601877;
2012, 0.178464001239;
2013, 0.186345386711;
2014, 0.192051483973;
