1988, 0.0515743406359;
1989, 0.050954673965;
1990, 0.050832031603;
1991, 0.0514904274409;
1992, 0.0527103961994;
1993, 0.0536528059281;
1994, 0.0650069067014;
1995, 0.0662849692103;
1996, 0.0675694865803;
1997, 0.0693187539536;
1998, 0.0703450768774;
1999, 0.0707323685468;
2000, 0.0716037748028;
2001, 0.0725913685597;
2002, 0.0727011011993;
2003, 0.0807954970889;
2004, 0.0791365977718;
2005, 0.0766062921987;
2006, 0.0737919727347;
2007, 0.0717909657763;
2008, 0.0698157782626;
2009, 0.0678341358877;
2010, 0.0653941983708;
2011, 0.0677824969985;
2012, 0.0652070073973;
2013, 0.0644066046139;
2014, 0.0632834587728;
