1988, 0.00163307987245;
1989, 0.00169117362286;
1990, 0.00171053820632;
1991, 0.00174926737326;
1992, 0.00171699306748;
1993, 0.00179445140135;
1994, 0.00178154167904;
1995, 0.00185254515175;
1996, 0.00185900001291;
1997, 0.00193645834678;
1998, 0.00195582293025;
1999, 0.00187836459638;
2000, 0.00188481945753;
2001, 0.00198164237487;
2002, 0.00187190973522;
2003, 0.00200100695834;
2004, 0.00214301390377;
2005, 0.00233665973845;
2006, 0.00247866668388;
2007, 0.00261421876815;
2008, 0.0028853229367;
2009, 0.00309833335485;
2010, 0.00331779863415;
2011, 0.00340816669033;
2012, 0.00355662849692;
2013, 0.00376963891507;
2014, 0.00395682988859;
