1988, 0.0151301945495;
1989, 0.0150333716322;
1990, 0.0149042744091;
1991, 0.0148074514917;
1992, 0.0144007952389;
1993, 0.0140586875976;
1994, 0.0139876841249;
1995, 0.0137553091233;
1996, 0.0133357431482;
1997, 0.0129871806457;
1998, 0.0126644375879;
1999, 0.012503066059;
2000, 0.0127289861995;
2001, 0.0129742709234;
2002, 0.013619757039;
2003, 0.0140005938472;
2004, 0.0145557119066;
2005, 0.0149752778818;
2006, 0.0156401285808;
2007, 0.0160790591394;
2008, 0.0164598959476;
2009, 0.0168536424782;
2010, 0.0170085591459;
2011, 0.0172344792864;
2012, 0.0168794619228;
2013, 0.0168730070616;
2014, 0.0163307987245;
