1988, 0.00708743754922;
1989, 0.00707452782691;
1990, 0.00727462852274;
1991, 0.00724880907812;
1992, 0.00739081602355;
1993, 0.00744245491279;
1994, 0.0077200139425;
1995, 0.00790720491602;
1996, 0.00805566672261;
1997, 0.00810730561186;
1998, 0.00843004866965;
1999, 0.0088044306167;
2000, 0.00909489936871;
2001, 0.00942409728767;
2002, 0.0096241979835;
2003, 0.00990821187436;
2004, 0.0100243993752;
2005, 0.0102890486826;
2006, 0.0106505209073;
2007, 0.0108118924362;
2008, 0.0107796181304;
2009, 0.0108893507701;
2010, 0.0110829966047;
2011, 0.0112443681336;
2012, 0.0113928299402;
2013, 0.0114831979964;
2014, 0.0116187500807;
