1988, 0.0446482746156;
1989, 0.0439576044719;
1990, 0.0427699100192;
1991, 0.041892048902;
1992, 0.041188469036;
1993, 0.0407495384774;
1994, 0.0410141877848;
1995, 0.0409496391733;
1996, 0.0415370315385;
1997, 0.042802184325;
1998, 0.045203392675;
1999, 0.0454615871213;
2000, 0.0463652676831;
2001, 0.0468687468533;
2002, 0.0480435315836;
2003, 0.0489472121455;
2004, 0.0495668788164;
2005, 0.0503866461832;
2006, 0.0507416635468;
2007, 0.0515097920244;
2008, 0.0526393927267;
2009, 0.0534720698158;
2010, 0.0541304656537;
2011, 0.0545371219065;
2012, 0.0546016705181;
2013, 0.0548792295478;
2014, 0.0550793302436;
