1988, 0.000871406256051;
1989, 0.000897225700675;
1990, 0.000942409728767;
1991, 0.000987593756858;
1992, 0.000961774312235;
1993, 0.000923045145299;
1994, 0.00096822917339;
1995, 0.000974684034546;
1996, 0.000903680561831;
1997, 0.00104568750726;
1998, 0.00112314584113;
1999, 0.00112314584113;
2000, 0.00112314584113;
2001, 0.00115542014691;
2002, 0.00120705903616;
2003, 0.00123933334194;
2004, 0.00127160764772;
2005, 0.00127160764772;
2006, 0.00127160764772;
2007, 0.00123933334194;
2008, 0.00114896528576;
2009, 0.00113605556344;
2010, 0.00113605556344;
2011, 0.00129097223119;
2012, 0.00148461806587;
2013, 0.00159435070552;
2014, 0.00178799654019;
