1988, 0.0133744723151;
1989, 0.014155510515;
1990, 0.0145040730174;
1991, 0.0146589896851;
1992, 0.0148074514917;
1993, 0.0148461806587;
1994, 0.0148978195479;
1995, 0.0148397257975;
1996, 0.0152076528834;
1997, 0.0148009966306;
1998, 0.0142006945431;
1999, 0.0140393230142;
2000, 0.0142006945431;
2001, 0.0140586875976;
2002, 0.0146977188521;
2003, 0.0148784549644;
2004, 0.0150591910768;
2005, 0.0151624688553;
2006, 0.0151301945495;
2007, 0.0152592917726;
2008, 0.0153883889958;
2009, 0.0150462813545;
2010, 0.0150398264933;
2011, 0.0148655452421;
2012, 0.0143427014885;
2013, 0.0139747744026;
2014, 0.0137553091233;
