1988, 0.0193193994397;
1989, 0.0203909063916;
1990, 0.0212300383419;
1991, 0.0217012432063;
1992, 0.0223080001549;
1993, 0.0227469307135;
1994, 0.0228114793251;
1995, 0.0227921147416;
1996, 0.0228372987697;
1997, 0.0253353300371;
1998, 0.0251029550354;
1999, 0.0248576703115;
2000, 0.0249480383677;
2001, 0.0250061321181;
2002, 0.0250513161462;
2003, 0.0250771355908;
2004, 0.0255160661494;
2005, 0.0261163682369;
2006, 0.0263293786551;
2007, 0.0261228230981;
2008, 0.0261744619873;
2009, 0.0261357328204;
2010, 0.0261099133758;
2011, 0.0265552987955;
2012, 0.0263810175443;
2013, 0.0262906494881;
2014, 0.0254127883709;
