1988, 0.0154464827462;
1989, 0.0157885903874;
1990, 0.0158789584436;
1991, 0.0163178890022;
1992, 0.0164986251146;
1993, 0.0168794619228;
1994, 0.0170989272021;
1995, 0.017260298731;
1996, 0.0172667535921;
1997, 0.0182672570713;
1998, 0.0191322084662;
1999, 0.0195065904132;
2000, 0.0198164237487;
2001, 0.0199197015272;
2002, 0.0201133473619;
2003, 0.0203779966693;
2004, 0.0203199029189;
2005, 0.0205522779205;
2006, 0.0207007397271;
2007, 0.0201004376396;
2008, 0.0199132466661;
2009, 0.0196034133306;
2010, 0.0196163230529;
2011, 0.0197325105537;
2012, 0.0200100695834;
2013, 0.0206297362544;
2014, 0.0211332154245;
