1988, 0.00242702779463;
1989, 0.00267876737971;
1990, 0.00265940279625;
1991, 0.00274977085243;
1992, 0.00295632640942;
1993, 0.0030466944656;
1994, 0.00302087502098;
1995, 0.00298214585404;
1996, 0.00289823265902;
1997, 0.00318224654988;
1998, 0.00327261460606;
1999, 0.00336298266224;
2000, 0.00340171182918;
2001, 0.0034275312738;
2002, 0.00344689585727;
2003, 0.0035889028027;
2004, 0.00389228127703;
2005, 0.00421502433483;
2006, 0.00457649655956;
2007, 0.00480887156117;
2008, 0.00496378822892;
2009, 0.00504124656279;
2010, 0.00513161461897;
2011, 0.00529944100902;
2012, 0.0053768993429;
2013, 0.00546726739908;
2014, 0.00567382295607;
