1988, 0.0640580421115;
1989, 0.0614180038987;
1990, 0.0581389344315;
1991, 0.0560927434451;
1992, 0.0556860871923;
1993, 0.0545629413511;
1994, 0.0537883580124;
1995, 0.0527620350886;
1996, 0.0515614309136;
1997, 0.0503091878494;
1998, 0.049547514233;
1999, 0.0500832677089;
2000, 0.0517938059152;
2001, 0.0532267850919;
2002, 0.054640399685;
2003, 0.0572933476201;
2004, 0.0587844205471;
2005, 0.0603787712526;
2006, 0.0618569344573;
2007, 0.0631866358555;
2008, 0.0642129587793;
2009, 0.0646002504486;
2010, 0.0655942990666;
2011, 0.066065503931;
2012, 0.0651230942022;
2013, 0.0641742296123;
2014, 0.0629155316869;
