1988, 0.0733982262042;
1989, 0.0752249519113;
1990, 0.0755928789972;
1991, 0.0760705387227;
1992, 0.0770710422019;
1993, 0.0786718477686;
1994, 0.079310879023;
1995, 0.0782458269323;
1996, 0.0786202088793;
1997, 0.0754896012187;
1998, 0.0732497643976;
1999, 0.0730561185629;
2000, 0.073269128981;
2001, 0.074011438014;
2002, 0.0746633789907;
2003, 0.0754250526071;
2004, 0.0766127470598;
2005, 0.078981681104;
2006, 0.0808535908393;
2007, 0.0822026568209;
2008, 0.0828545977976;
2009, 0.0831450665496;
2010, 0.0843714901692;
2011, 0.0859077471244;
2012, 0.0866177818515;
2013, 0.0868243374085;
2014, 0.0863724971276;
