1988, 0.0291114238133;
1989, 0.0279882779721;
1990, 0.0270071390764;
1991, 0.0258517189295;
1992, 0.0247673022553;
1993, 0.0241540904455;
1994, 0.0237990730819;
1995, 0.0236183369696;
1996, 0.0235215140522;
1997, 0.0233536876622;
1998, 0.0233020487729;
1999, 0.0233149584952;
2000, 0.0236054272473;
2001, 0.0237990730819;
2002, 0.0243864654471;
2003, 0.0252062328139;
2004, 0.0260001807361;
2005, 0.0259098126799;
2006, 0.0258000800403;
2007, 0.0262261008766;
2008, 0.0266714862963;
2009, 0.0272395140781;
2010, 0.0279689133887;
2011, 0.0281238300564;
2012, 0.0282916564465;
2013, 0.0287112224216;
2014, 0.0289500522844;
