1988, 0.0226242883516;
1989, 0.022850208492;
1990, 0.0232504098837;
1991, 0.0236247918307;
1992, 0.0238894411381;
1993, 0.0240379029447;
1994, 0.0243929203083;
1995, 0.0247027536438;
1996, 0.0248447605892;
1997, 0.0249867675346;
1998, 0.0248641251727;
1999, 0.0242638230852;
2000, 0.0243025522521;
2001, 0.0241411807232;
2002, 0.0237667987762;
2003, 0.0236506112754;
2004, 0.0227275661301;
2005, 0.0218109758459;
2006, 0.0210170279237;
2007, 0.0202037154181;
2008, 0.0195646841636;
2009, 0.0188933786034;
2010, 0.0177508681788;
2011, 0.0169956494236;
2012, 0.0162017015014;
2013, 0.0156594931643;
2014, 0.0154012987181;
