1988, 0.0134454757878;
1989, 0.0132776493978;
1990, 0.0129290868953;
1991, 0.0128128993945;
1992, 0.0121480486955;
1993, 0.011631659803;
1994, 0.0112895521617;
1995, 0.0111927292444;
1996, 0.0110700868824;
1997, 0.0104826945172;
1998, 0.00986948270743;
1999, 0.00920463200837;
2000, 0.00894643756213;
2001, 0.0082041285292;
2002, 0.00773292366481;
2003, 0.00728753824505;
2004, 0.00757800699707;
2005, 0.00717135074425;
2006, 0.00699061463188;
2007, 0.00698415977072;
2008, 0.00721007991118;
2009, 0.00681633338067;
2010, 0.00687442713107;
2011, 0.00715844102193;
2012, 0.00743600005164;
2013, 0.00808148616723;
2014, 0.00828158686307;
