1988, 0.00909489936871;
1989, 0.00908844450756;
1990, 0.0090819896464;
1991, 0.00901098617369;
1992, 0.00915299311912;
1993, 0.00944346187114;
1994, 0.00992757645783;
1995, 0.00992757645783;
1996, 0.0101922257652;
1997, 0.0104439653503;
1998, 0.0103019584049;
1999, 0.0104956042396;
2000, 0.0104375104891;
2001, 0.0105859722957;
2002, 0.01055369799;
2003, 0.0105278785453;
2004, 0.0104439653503;
2005, 0.0103794167387;
2006, 0.0101276771537;
2007, 0.0100695834033;
2008, 0.00986948270743;
2009, 0.00963710770581;
2010, 0.00945637159345;
2011, 0.00917881256374;
2012, 0.00879797575554;
2013, 0.00841068408619;
2014, 0.00806857644492;
