1988, 0.000768128477556;
1989, 0.00079394792218;
1990, 0.000774583338712;
1991, 0.000755218755245;
1992, 0.000703579865997;
1993, 0.000774583338712;
1994, 0.000761673616401;
1995, 0.000813312505648;
1996, 0.000839131950272;
1997, 0.00079394792218;
1998, 0.000819767366804;
1999, 0.000768128477556;
2000, 0.000768128477556;
2001, 0.00082622222796;
2002, 0.00085849653374;
2003, 0.000800402783336;
2004, 0.000948864589923;
2005, 0.000948864589923;
2006, 0.000948864589923;
2007, 0.000987593756858;
2008, 0.00111669097998;
2009, 0.00110378125767;
2010, 0.00120705903616;
2011, 0.00134906598159;
2012, 0.00154271181627;
2013, 0.00151043751049;
2014, 0.00153625695511;
