1988, 0.004511947948;
1989, 0.00446030905875;
1990, 0.0041892048902;
1991, 0.00393101044397;
1992, 0.0036921805812;
1993, 0.0039697396109;
1994, 0.00381482294316;
1995, 0.00376318405391;
1996, 0.00378900349853;
1997, 0.00385355211009;
1998, 0.00404719794477;
1999, 0.0040278333613;
2000, 0.00407947225055;
2001, 0.00407947225055;
2002, 0.00415047572327;
2003, 0.00432475697448;
2004, 0.00443448961413;
2005, 0.00442157989182;
2006, 0.00450549308684;
2007, 0.00461522572649;
2008, 0.00464750003227;
2009, 0.00475077781077;
2010, 0.00475077781077;
2011, 0.00481532642233;
2012, 0.00482178128348;
2013, 0.00471204864383;
2014, 0.00485405558926;
