1988, 0.00182672570713;
1989, 0.00194936806909;
1990, 0.00188481945753;
1991, 0.00198164237487;
1992, 0.00207201043106;
1993, 0.00214301390377;
1994, 0.00225274654342;
1995, 0.00225274654342;
1996, 0.00226565626573;
1997, 0.00225920140458;
1998, 0.0022269270988;
1999, 0.00227211112689;
2000, 0.0023882986277;
2001, 0.0024463923781;
2002, 0.00258839932353;
2003, 0.00263358335162;
2004, 0.00251739585082;
2005, 0.002607763907;
2006, 0.00267231251856;
2007, 0.0028853229367;
2008, 0.00305960418791;
2009, 0.0029886007152;
2010, 0.00303378474329;
2011, 0.00333070835646;
2012, 0.00343398613496;
2013, 0.00359535766386;
2014, 0.00381482294316;
