1988, 0.000309833335485;
1989, 0.000355017363577;
1990, 0.00041311111398;
1991, 0.000426020836292;
1992, 0.000464750003227;
1993, 0.000419565975136;
1994, 0.00041311111398;
1995, 0.000406656252824;
1996, 0.000451840280916;
1997, 0.000497024309007;
1998, 0.000548663198255;
1999, 0.000503479170163;
2000, 0.000471204864383;
2001, 0.000438930558604;
2002, 0.000451840280916;
2003, 0.000477659725539;
2004, 0.000516388892475;
2005, 0.000548663198255;
2006, 0.00058739236519;
2007, 0.000600302087502;
2008, 0.000606756948658;
2009, 0.000664850699061;
2010, 0.000716489588309;
2011, 0.000735854171777;
2012, 0.000761673616401;
2013, 0.000813312505648;
2014, 0.000819767366804;
