1988, 0.0167439098385;
1989, 0.0172667535921;
1990, 0.0170021042847;
1991, 0.0174733091491;
1992, 0.0177895973458;
1993, 0.0180865209589;
1994, 0.0183640799886;
1995, 0.0186029098514;
1996, 0.0189385626315;
1997, 0.0190095661042;
1998, 0.01887401402;
1999, 0.0187255522134;
2000, 0.0190805695769;
2001, 0.0191903022166;
2002, 0.0195905036083;
2003, 0.0196679619421;
2004, 0.0199777952776;
2005, 0.0199777952776;
2006, 0.019622777914;
2007, 0.0197647848595;
2008, 0.0200423438892;
2009, 0.0202166251404;
2010, 0.0202747188908;
2011, 0.0204812744478;
2012, 0.0203457223635;
2013, 0.0202037154181;
2014, 0.0197260556925;
