1988, 0.00793302436065;
1989, 0.00822994797382;
1990, 0.00871406256051;
1991, 0.00895289242328;
1992, 0.00952737506616;
1993, 0.00981784381818;
1994, 0.0100308542363;
1995, 0.0101212222925;
1996, 0.0101922257652;
1997, 0.0100954028479;
1998, 0.0100889479867;
1999, 0.0101341320148;
2000, 0.0100114896529;
2001, 0.0101147674314;
2002, 0.0099469410413;
2003, 0.00994048618014;
2004, 0.0104375104891;
2005, 0.0106440660461;
2006, 0.0110249028543;
2007, 0.0116252049418;
2008, 0.0120576806393;
2009, 0.0122900556409;
2010, 0.012503066059;
2011, 0.0127870799499;
2012, 0.0131291875912;
2013, 0.0132970139812;
2014, 0.013038819535;
