1988, 0.024547836976;
1989, 0.0233278682176;
1990, 0.022682382102;
1991, 0.0218948890409;
1992, 0.0213333161204;
1993, 0.0208040175056;
1994, 0.0197906043041;
1995, 0.0199648855553;
1996, 0.0202101702792;
1997, 0.0202682640296;
1998, 0.0204296355585;
1999, 0.0204941841701;
2000, 0.0207071945882;
2001, 0.0212558577865;
2002, 0.021565691122;
2003, 0.0217528820955;
2004, 0.0216947883451;
2005, 0.0220368959864;
2006, 0.0225210105731;
2007, 0.0225403751565;
2008, 0.0229857605763;
2009, 0.0233214133564;
2010, 0.0231019480771;
2011, 0.0228631182143;
2012, 0.0229534862705;
2013, 0.0229986702986;
2014, 0.0229405765482;
