1988, 0.0187707362415;
1989, 0.0189966563819;
1990, 0.0190676598546;
1991, 0.0187965556861;
1992, 0.0187642813803;
1993, 0.0184350834614;
1994, 0.0178476910962;
1995, 0.0168278230335;
1996, 0.0159047778882;
1997, 0.0201714411123;
1998, 0.0190289306877;
1999, 0.0177766876234;
2000, 0.0171053820632;
2001, 0.0162920695576;
2002, 0.0154593924685;
2003, 0.0148784549644;
2004, 0.0144717987116;
2005, 0.0144007952389;
2006, 0.0141232362092;
2007, 0.0138521320406;
2008, 0.0138714966241;
2009, 0.0137488542621;
2010, 0.0139683195414;
2011, 0.0147945417694;
2012, 0.0152141077445;
2013, 0.0157950452486;
2014, 0.0158660487213;
