1988, 0.00296923613173;
1989, 0.00306605904907;
1990, 0.00305960418791;
1991, 0.00310478821601;
1992, 0.00334361807878;
1993, 0.00347917016305;
1994, 0.00349207988536;
1995, 0.00367281599773;
1996, 0.0037502743316;
1997, 0.00372445488698;
1998, 0.00371800002582;
1999, 0.00371154516466;
2000, 0.00367281599773;
2001, 0.00395682988859;
2002, 0.0041892048902;
2003, 0.00425375350176;
2004, 0.00440221530835;
2005, 0.00444739933644;
2006, 0.00463459030996;
2007, 0.00482823614464;
2008, 0.00497669795123;
2009, 0.00515743406359;
2010, 0.00511870489666;
2011, 0.00523489239746;
2012, 0.0053317153148;
2013, 0.00528007642556;
2014, 0.00508643059088;
