1988, 0.00293696182595;
1989, 0.00307896877138;
1990, 0.00309187849369;
1991, 0.00319515627219;
1992, 0.00320161113334;
1993, 0.00328552432837;
1994, 0.00347271530189;
1995, 0.00347271530189;
1996, 0.00344044099611;
1997, 0.0034275312738;
1998, 0.00340816669033;
1999, 0.00332425349531;
2000, 0.00344689585727;
2001, 0.00356308335808;
2002, 0.00375672919276;
2003, 0.00385355211009;
2004, 0.00389228127703;
2005, 0.00409883683402;
2006, 0.00447321878106;
2007, 0.00453776739262;
2008, 0.00469268406037;
2009, 0.0049508785066;
2010, 0.00517034378591;
2011, 0.00535107989827;
2012, 0.00558990976104;
2013, 0.00573191670647;
2014, 0.0058739236519;
