1988, 0.0894450110378;
1989, 0.0997986083319;
1990, 0.110526587573;
1991, 0.121170653619;
1992, 0.131808264804;
1993, 0.141309820426;
1994, 0.149778598262;
1995, 0.156653025393;
1996, 0.166716153936;
1997, 0.170944087993;
1998, 0.177773331096;
1999, 0.187165154078;
2000, 0.192045029111;
2001, 0.198616077768;
2002, 0.205348497954;
2003, 0.206310272266;
2004, 0.204754650727;
2005, 0.201972605569;
2006, 0.198190056932;
2007, 0.19337473051;
2008, 0.189443720066;
2009, 0.186358296433;
2010, 0.181904442235;
2011, 0.178973935271;
2012, 0.176495268587;
2013, 0.175017105382;
2014, 0.17428125121;
