1988, 0.012419152864;
1989, 0.012832263978;
1990, 0.013451930649;
1991, 0.0140845070423;
1992, 0.0144976181562;
1993, 0.0149107292702;
1994, 0.0154658473296;
1995, 0.0159886910833;
1996, 0.0168923716451;
1997, 0.0173893959541;
1998, 0.0178089619292;
1999, 0.0181123404036;
2000, 0.0183640799886;
2001, 0.0186093647126;
2002, 0.0190224758265;
2003, 0.019577593886;
2004, 0.0195840487471;
2005, 0.0197131459702;
2006, 0.0198422431933;
2007, 0.0199907049999;
2008, 0.0201198022231;
2009, 0.0205135487536;
2010, 0.0209331147287;
2011, 0.0208040175056;
2012, 0.0211461251468;
2013, 0.0212494029253;
2014, 0.0220562605698;
