1988, 0.0359406669163;
1989, 0.0369540801177;
1990, 0.0381288648481;
1991, 0.0389744516595;
1992, 0.0394392016628;
1993, 0.0400201391668;
1994, 0.0399233162495;
1995, 0.0403106079188;
1996, 0.0404397051419;
1997, 0.040523618337;
1998, 0.0413369308426;
1999, 0.0423955280722;
2000, 0.042802184325;
2001, 0.0433508475233;
2002, 0.043918875305;
2003, 0.0447515523941;
2004, 0.0464169065723;
2005, 0.0474303197738;
2006, 0.0493861427041;
2007, 0.0524586566143;
2008, 0.0551051496882;
2009, 0.057745187901;
2010, 0.059649371942;
2011, 0.0609403441732;
2012, 0.0622054969598;
2013, 0.0633221879397;
2014, 0.0639612191942;
