1988, 0.0105666077123;
1989, 0.0104762396561;
1990, 0.0105407882676;
1991, 0.0106634306296;
1992, 0.0105214236842;
1993, 0.0105343334065;
1994, 0.0105601528511;
1995, 0.01055369799;
1996, 0.0108183472973;
1997, 0.0109022604924;
1998, 0.0109538993816;
1999, 0.0112056389667;
2000, 0.0115864757749;
2001, 0.0120318611947;
2002, 0.0124837014756;
2003, 0.0128387188392;
2004, 0.0131550070358;
2005, 0.0138714966241;
2006, 0.0141103264869;
2007, 0.015317385523;
2008, 0.0166083577542;
2009, 0.0172796633144;
2010, 0.0179057848466;
2011, 0.0187642813803;
2012, 0.0194162223571;
2013, 0.0202682640296;
2014, 0.0207136494494;
