1988, 0.0268522224087;
1989, 0.0280463717225;
1990, 0.0296600870115;
1991, 0.0306928647965;
1992, 0.0318999238326;
1993, 0.0327455106441;
1994, 0.0337976530125;
1995, 0.0347981564917;
1996, 0.0356760176089;
1997, 0.0358180245543;
1998, 0.035766385665;
1999, 0.0358761183047;
2000, 0.0364376912253;
2001, 0.0372510037309;
2002, 0.0380901356812;
2003, 0.0387356217968;
2004, 0.0392649204116;
2005, 0.0398781322214;
2006, 0.0408721808394;
2007, 0.0414595732046;
2008, 0.0423180697383;
2009, 0.0429635558539;
2010, 0.0436542259976;
2011, 0.0434993093299;
2012, 0.0439576044719;
2013, 0.0438220523877;
2014, 0.0430281044655;
