1988, 0.0149042744091;
1989, 0.0155820348304;
1990, 0.0163630730303;
1991, 0.0168536424782;
1992, 0.0171763855359;
1993, 0.0175959515111;
1994, 0.0180155174862;
1995, 0.0184350834614;
1996, 0.0191386633274;
1997, 0.0196421424975;
1998, 0.0202876286131;
1999, 0.0209976633403;
2000, 0.021526961955;
2001, 0.0215721459831;
2002, 0.0219529827913;
2003, 0.0222950904326;
2004, 0.0231729515498;
2005, 0.0237087050258;
2006, 0.0241218161397;
2007, 0.0251804133693;
2008, 0.025993725875;
2009, 0.0264391112947;
2010, 0.0268328578252;
2011, 0.0273686113012;
2012, 0.0277300835259;
2013, 0.0285046668646;
2014, 0.0282464724184;
