1988, 0.00368572572004;
1989, 0.00374381947044;
1990, 0.0037502743316;
1991, 0.00388582641587;
1992, 0.00389873613819;
1993, 0.00394392016628;
1994, 0.00413756600096;
1995, 0.00427957294639;
1996, 0.0044086701695;
1997, 0.00451840280916;
1998, 0.00466040975459;
1999, 0.00479596183886;
2000, 0.00476368753308;
2001, 0.00508643059088;
2002, 0.00532526045365;
2003, 0.00560281948335;
2004, 0.00573191670647;
2005, 0.00609984379236;
2006, 0.00644195143362;
2007, 0.00659686810137;
2008, 0.00683569796414;
2009, 0.00712616671615;
2010, 0.00752636810782;
2011, 0.00802984727799;
2012, 0.00833322575231;
2013, 0.00853332644815;
2014, 0.00881088547785;
