1988, 0.0118898542492;
1989, 0.0118963091104;
1990, 0.0118511250823;
1991, 0.0119027639715;
1992, 0.0118963091104;
1993, 0.0117801216096;
1994, 0.0114380139683;
1995, 0.011509017441;
1996, 0.0116252049418;
1997, 0.0116768438311;
1998, 0.0118059410542;
1999, 0.0117220278592;
2000, 0.0119802223054;
2001, 0.0122706910574;
2002, 0.012457882031;
2003, 0.0130194549515;
2004, 0.0134906598159;
2005, 0.0138779514853;
2006, 0.0142071494042;
2007, 0.0148655452421;
2008, 0.0155497605247;
2009, 0.0160338751113;
2010, 0.0165050799757;
2011, 0.0171441112302;
2012, 0.0173377570648;
2013, 0.0178218716515;
2014, 0.0181187952647;
