1988, 0.0325712293929;
1989, 0.0327519655052;
1990, 0.0328358787002;
1991, 0.0341203960703;
1992, 0.0352048127445;
1993, 0.0357728405262;
1994, 0.0363537780302;
1995, 0.0371025419243;
1996, 0.0377351183176;
1997, 0.0385484308233;
1998, 0.0386065245737;
1999, 0.0390067259653;
2000, 0.0390325454099;
2001, 0.038825989853;
2002, 0.0386775280464;
2003, 0.0382579620712;
2004, 0.0376576599837;
2005, 0.0365861530318;
2006, 0.0360568544171;
2007, 0.0356566530254;
2008, 0.0359019377493;
2009, 0.0355921044138;
2010, 0.0352629064949;
2011, 0.0351079898271;
2012, 0.0353597294122;
2013, 0.0354049134403;
2014, 0.0361149481675;
