1988, 0.0396199377751;
1989, 0.0395618440247;
1990, 0.0389163579091;
1991, 0.0389357224926;
1992, 0.0386710731852;
1993, 0.0376447502614;
1994, 0.0371154516466;
1995, 0.0369088960896;
1996, 0.0352112676056;
1997, 0.0342817675992;
1998, 0.0332296252308;
1999, 0.0322291217516;
2000, 0.0324163127251;
2001, 0.0447580072553;
2002, 0.0448871044784;
2003, 0.0451904829527;
2004, 0.0439898787777;
2005, 0.04288609752;
2006, 0.0429183718258;
2007, 0.0421631530706;
2008, 0.0411303752856;
2009, 0.0416403093169;
2010, 0.0414014794542;
2011, 0.0414208440376;
2012, 0.0413433857038;
2013, 0.0412659273699;
2014, 0.0406785350047;
