1988, 0.0333006287035;
1989, 0.0335588231497;
1990, 0.0335459134274;
1991, 0.0336233717613;
1992, 0.0336491912059;
1993, 0.0334103613431;
1994, 0.0333135384258;
1995, 0.0329714307845;
1996, 0.0320612953615;
1997, 0.031209253689;
1998, 0.0304346703502;
1999, 0.0293631633984;
2000, 0.0288080453389;
2001, 0.0283045661688;
2002, 0.027691354359;
2003, 0.0274589793574;
2004, 0.0266263022682;
2005, 0.0263487432385;
2006, 0.0256128890668;
2007, 0.0251481390635;
2008, 0.0249738578123;
2009, 0.0244122848918;
2010, 0.0240830869728;
2011, 0.0237861633596;
2012, 0.0241863647513;
2013, 0.0241153612786;
2014, 0.0241992744736;
