1988, 0.00965001742813;
1989, 0.00987593756858;
1990, 0.00992112159667;
1991, 0.00996630562477;
1992, 0.010308413266;
1993, 0.0105472431288;
1994, 0.0105601528511;
1995, 0.010805437575;
1996, 0.0110636320213;
1997, 0.0112701875783;
1998, 0.0116122952195;
1999, 0.0118963091104;
2000, 0.0120641355004;
2001, 0.0121803230013;
2002, 0.0120835000839;
2003, 0.012251326474;
2004, 0.0126708924491;
2005, 0.0130000903681;
2006, 0.0130904584242;
2007, 0.0141038716257;
2008, 0.0145040730174;
2009, 0.0150075521876;
2010, 0.0154787570519;
2011, 0.0160145105279;
2012, 0.0166858160881;
2013, 0.017221569564;
2014, 0.017428125121;
