1988, 0.00344689585727;
1989, 0.00344689585727;
1990, 0.0034275312738;
1991, 0.00354371877461;
1992, 0.00355662849692;
1993, 0.00355017363577;
1994, 0.00350498960767;
1995, 0.00349853474652;
1996, 0.00359535766386;
1997, 0.00360826738617;
1998, 0.00355017363577;
1999, 0.00368572572004;
2000, 0.00357599308039;
2001, 0.00346626044074;
2002, 0.00345980557958;
2003, 0.00349207988536;
2004, 0.00361472224732;
2005, 0.0035889028027;
2006, 0.00364054169195;
2007, 0.00365345141426;
2008, 0.00373736460929;
2009, 0.00384064238778;
2010, 0.00402137850015;
2011, 0.00416984030674;
2012, 0.00451840280916;
2013, 0.00458940628187;
2014, 0.00479596183886;
