1988, 0.0228372987697;
1989, 0.0232568647448;
1990, 0.023179406411;
1991, 0.023263319606;
1992, 0.0234569654407;
1993, 0.0240443578059;
1994, 0.0242250939182;
1995, 0.0251545939247;
1996, 0.0249222189231;
1997, 0.0246317501711;
1998, 0.0245542918372;
1999, 0.0246123855876;
2000, 0.0249157640619;
2001, 0.0248705800338;
2002, 0.0250384064239;
2003, 0.0243477362802;
2004, 0.0237861633596;
2005, 0.0223854584888;
2006, 0.0214236841766;
2007, 0.0203715418081;
2008, 0.0194162223571;
2009, 0.0184802674894;
2010, 0.0178928751243;
2011, 0.0171312015079;
2012, 0.01647280567;
2013, 0.0162404306683;
2014, 0.0161758820568;
