1988, 0.00667432643524;
1989, 0.0106634306296;
1990, 0.0108377118808;
1991, 0.011134635494;
1992, 0.0115800209138;
1993, 0.011960857722;
1994, 0.0119737674443;
1995, 0.0120899549451;
1996, 0.0122836007797;
1997, 0.0123997882806;
1998, 0.0123739688359;
1999, 0.0122448716128;
2000, 0.0124901563367;
2001, 0.0125934341152;
2002, 0.0127935348111;
2003, 0.0127999896722;
2004, 0.0131550070358;
2005, 0.0137359445398;
2006, 0.0140974167646;
2007, 0.0144395244058;
2008, 0.0147622674636;
2009, 0.0150527362156;
2010, 0.0154206633015;
2011, 0.0155691251081;
2012, 0.015646583442;
2013, 0.0154916667742;
2014, 0.015110829966;
