1988, 0.0278914550548;
1989, 0.0280205522779;
1990, 0.0287434967274;
1991, 0.0290726946463;
1992, 0.0292921599256;
1993, 0.0292017918695;
1994, 0.0283884793638;
1995, 0.0274589793574;
1996, 0.0264068369889;
1997, 0.0251352293412;
1998, 0.0249093092008;
1999, 0.0241282710009;
2000, 0.0237990730819;
2001, 0.0234892397465;
2002, 0.0223725487665;
2003, 0.0221337189037;
2004, 0.022146628626;
2005, 0.0221530834872;
2006, 0.0223983682111;
2007, 0.0216818786228;
2008, 0.0214559584823;
2009, 0.0211719445915;
2010, 0.0213139515369;
2011, 0.0212106737584;
2012, 0.02127522237;
2013, 0.0215850557055;
2014, 0.0216044202889;
