1988, 0.0195840487471;
1989, 0.0199777952776;
1990, 0.0200681633338;
1991, 0.0203328126412;
1992, 0.020655555699;
1993, 0.0212558577865;
1994, 0.0218497050128;
1995, 0.0228824827978;
1996, 0.0237797084985;
1997, 0.0256193439279;
1998, 0.0275751668582;
1999, 0.0285563057539;
2000, 0.0297440002066;
2001, 0.0305444029899;
2002, 0.0313641703567;
2003, 0.0320419307781;
2004, 0.0332554446754;
2005, 0.0336814655117;
2006, 0.034068757181;
2007, 0.0337201946786;
2008, 0.0329327016176;
2009, 0.0337137398175;
2010, 0.0334232710654;
2011, 0.0336491912059;
2012, 0.0341526703761;
2013, 0.0345399620454;
2014, 0.0348175210751;
