1988, 0.00186545487407;
1989, 0.00179445140135;
1990, 0.00324034030028;
1991, 0.00317579168872;
1992, 0.00329197918953;
1993, 0.00333716321762;
1994, 0.00341462155149;
1995, 0.00338880210687;
1996, 0.00324034030028;
1997, 0.00312415279947;
1998, 0.00307896877138;
1999, 0.00319515627219;
2000, 0.00324679516144;
2001, 0.00338234724571;
2002, 0.00347271530189;
2003, 0.00346626044074;
2004, 0.00345335071843;
2005, 0.00340816669033;
2006, 0.0034275312738;
2007, 0.00330488891184;
2008, 0.00328552432837;
2009, 0.00334361807878;
2010, 0.00339525696802;
2011, 0.00346626044074;
2012, 0.00333716321762;
2013, 0.00349207988536;
2014, 0.00349853474652;
