1988, 0.00403428822246;
1989, 0.00413756600096;
1990, 0.00419565975136;
1991, 0.00419565975136;
1992, 0.00420856947367;
1993, 0.00431184725217;
1994, 0.0044538541976;
1995, 0.00424729864061;
1996, 0.00455067711494;
1997, 0.00436348614141;
1998, 0.0042924826687;
1999, 0.00423438891829;
2000, 0.00419565975136;
2001, 0.00418275002905;
2002, 0.00420211461251;
2003, 0.0041311111398;
2004, 0.00426666322407;
2005, 0.004511947948;
2006, 0.00446676391991;
2007, 0.00469268406037;
2008, 0.00462168058765;
2009, 0.00469268406037;
2010, 0.00471204864383;
2011, 0.0047895069777;
2012, 0.00474432294961;
2013, 0.00477659725539;
2014, 0.00472495836615;
