1988, 0.00524134725862;
1989, 0.00530589587018;
1990, 0.00548017712139;
1991, 0.00580937504034;
1992, 0.00593201740231;
1993, 0.00628703476588;
1994, 0.00664850699061;
1995, 0.0070164340765;
1996, 0.0073972708847;
1997, 0.00778456255406;
1998, 0.00833968061347;
1999, 0.00886897922826;
2000, 0.00937245839842;
2001, 0.00958546881657;
2002, 0.010017944514;
2003, 0.0102567743768;
2004, 0.0104697847949;
2005, 0.0105472431288;
2006, 0.0109797188262;
2007, 0.0108570764643;
2008, 0.0108699861866;
2009, 0.0107860729916;
2010, 0.0105795174346;
2011, 0.0104697847949;
2012, 0.0103600521553;
2013, 0.0105795174346;
2014, 0.010805437575;
