1988, 0.000245284723926;
1989, 0.000264649307393;
1990, 0.000180736112366;
1991, 0.00020655555699;
1992, 0.000180736112366;
1993, 0.000154916667742;
1994, 0.000122642361963;
1995, 0.000154916667742;
1996, 0.000129097223119;
1997, 0.000154916667742;
1998, 0.000142006945431;
1999, 0.000161371528898;
2000, 0.000193645834678;
2001, 0.00017428125121;
2002, 0.000180736112366;
2003, 0.000161371528898;
2004, 0.000219465279302;
2005, 0.000258194446237;
2006, 0.000284013890861;
2007, 0.000251739585082;
2008, 0.000232375001614;
2009, 0.000264649307393;
2010, 0.000271104168549;
2011, 0.000271104168549;
2012, 0.000303378474329;
2013, 0.000309833335485;
2014, 0.000374381947044;
