1988, 0.00265940279625;
1989, 0.00278850001936;
1990, 0.00275622571358;
1991, 0.00297569099289;
1992, 0.00292405210364;
1993, 0.00302087502098;
1994, 0.00297569099289;
1995, 0.00296923613173;
1996, 0.00308542363254;
1997, 0.00307896877138;
1998, 0.0028853229367;
1999, 0.00313706252179;
2000, 0.00319515627219;
2001, 0.0031499722441;
2002, 0.00307896877138;
2003, 0.00329197918953;
2004, 0.00327261460606;
2005, 0.00335652780109;
2006, 0.00339525696802;
2007, 0.00357599308039;
2008, 0.00375672919276;
2009, 0.00376318405391;
2010, 0.00387937155472;
2011, 0.00392455558281;
2012, 0.00413756600096;
2013, 0.00439576044719;
2014, 0.00450549308684;
