1992, 0.0153238403842;
1993, 0.0152270174669;
1994, 0.0154658473296;
1995, 0.0157046771924;
1996, 0.015730496637;
1997, 0.015769225804;
1998, 0.0158402292767;
1999, 0.0158595938601;
2000, 0.0159176876105;
2001, 0.0163178890022;
2002, 0.0165502640038;
2003, 0.0168730070616;
2004, 0.0159693264998;
2005, 0.0152141077445;
2006, 0.0146783542686;
2007, 0.0142200591265;
2008, 0.0133357431482;
2009, 0.012832263978;
2010, 0.012044770917;
2011, 0.0114315591072;
2012, 0.0108183472973;
2013, 0.0103923264611;
2014, 0.0100631285421;
