1988, 0.0149881876041;
1989, 0.0145621667678;
1990, 0.0141038716257;
1991, 0.0136520313448;
1992, 0.0128645382838;
1993, 0.0127418959218;
1994, 0.0126902570326;
1995, 0.0124707917533;
1996, 0.0124320625863;
1997, 0.0122771459186;
1998, 0.0121545035566;
1999, 0.0119285834162;
2000, 0.0119350382773;
2001, 0.0119479479996;
2002, 0.0120770452228;
2003, 0.0122319618905;
2004, 0.0121996875847;
2005, 0.012128684112;
2006, 0.0119866771666;
2007, 0.0116962084146;
2008, 0.0117284827203;
2009, 0.0114767431353;
2010, 0.0115025625799;
2011, 0.0113928299402;
2012, 0.011425104246;
2013, 0.0110184479932;
2014, 0.0107925278527;
