1988, 0.000497024309007;
1989, 0.000516388892475;
1990, 0.000522843753631;
1991, 0.000438930558604;
1992, 0.000464750003227;
1993, 0.000503479170163;
1994, 0.000529298614787;
1995, 0.000568027781722;
1996, 0.000658395837906;
1997, 0.000703579865997;
1998, 0.000690670143685;
1999, 0.000722944449465;
2000, 0.000697125004841;
2001, 0.000671305560217;
2002, 0.000735854171777;
2003, 0.000845586811428;
2004, 0.000903680561831;
2005, 0.000974684034546;
2006, 0.000916590284143;
2007, 0.000897225700675;
2008, 0.000987593756858;
2009, 0.00102632292379;
2010, 0.0011425104246;
2011, 0.00115542014691;
2012, 0.0012457882031;
2013, 0.0013038819535;
2014, 0.00138779514853;
