1988, 0.00741018060702;
1989, 0.00743600005164;
1990, 0.00779747227637;
1991, 0.00766837505325;
1992, 0.0077781076929;
1993, 0.00790720491602;
1994, 0.0082041285292;
1995, 0.00861078478202;
1996, 0.00888188895057;
1997, 0.00949510076038;
1998, 0.0100050347917;
1999, 0.0105085139619;
2000, 0.0107667084081;
2001, 0.010928079937;
2002, 0.0112508229948;
2003, 0.0116832986922;
2004, 0.0116574792476;
2005, 0.0118188507765;
2006, 0.0118511250823;
2007, 0.0116445695253;
2008, 0.0116510243865;
2009, 0.011547746608;
2010, 0.0116122952195;
2011, 0.0118963091104;
2012, 0.0119285834162;
2013, 0.0120254063335;
2014, 0.0124707917533;
