1988, 0.0514065142459;
1989, 0.0523360142523;
1990, 0.0530718684241;
1991, 0.0534656149546;
1992, 0.0536528059281;
1993, 0.0541821045429;
1994, 0.0538916357909;
1995, 0.0535559830108;
1996, 0.0683440699191;
1997, 0.069209021314;
1998, 0.0691961115916;
1999, 0.0695123997883;
2000, 0.0700287886808;
2001, 0.0704225352113;
2002, 0.0709195595203;
2003, 0.0715521359136;
2004, 0.0729851150902;
2005, 0.0749861220485;
2006, 0.0775035178993;
2007, 0.0823059345993;
2008, 0.0868178825473;
2009, 0.0909748131318;
2010, 0.0939956881527;
2011, 0.0969842888679;
2012, 0.100495733337;
2013, 0.104007177806;
2014, 0.106453570184;
