1988, 0.00806212158376;
1989, 0.00815248963995;
1990, 0.00804921186145;
1991, 0.00830095144653;
1992, 0.00828158686307;
1993, 0.00819767366804;
1994, 0.00803630213914;
1995, 0.00806857644492;
1996, 0.00806212158376;
1997, 0.00829449658538;
1998, 0.00877861117207;
1999, 0.00828804172422;
2000, 0.00776519797059;
2001, 0.00706807296575;
2002, 0.00624185073779;
2003, 0.00569318753954;
2004, 0.00558990976104;
2005, 0.0053768993429;
2006, 0.00526716670324;
2007, 0.00502833684047;
2008, 0.00493151392314;
2009, 0.00482823614464;
2010, 0.00510579517435;
2011, 0.0051122500355;
2012, 0.00541562850983;
2013, 0.00552536114948;
2014, 0.00545435767677;
