1988, 0.0025044861285;
1989, 0.00256903474006;
1990, 0.0027691354359;
1991, 0.00338234724571;
1992, 0.00345335071843;
1993, 0.00369863544235;
1994, 0.00374381947044;
1995, 0.00402137850015;
1996, 0.00414402086211;
1997, 0.00441512503066;
1998, 0.00453131253147;
1999, 0.00475723267193;
2000, 0.00482823614464;
2001, 0.00504770142394;
2002, 0.00513806948013;
2003, 0.00517034378591;
2004, 0.00522843753631;
2005, 0.00518325350822;
2006, 0.00514452434128;
2007, 0.00518970836937;
2008, 0.00526716670324;
2009, 0.00514452434128;
2010, 0.00520907295284;
2011, 0.00529298614787;
2012, 0.00550599656601;
2013, 0.00557700003873;
2014, 0.00577064587341;
