1988, 0.00727462852274;
1989, 0.0072358993558;
1990, 0.00763610074747;
1991, 0.00803630213914;
1992, 0.00835904519694;
1993, 0.00861723964318;
1994, 0.00889479867288;
1995, 0.00925627089761;
1996, 0.00953382992732;
1997, 0.0102180452098;
1998, 0.0108312570197;
1999, 0.0116639341088;
2000, 0.0120899549451;
2001, 0.0124256077252;
2002, 0.012709621616;
2003, 0.0129290868953;
2004, 0.0132647396754;
2005, 0.0134067466209;
2006, 0.0135874827332;
2007, 0.0133938368986;
2008, 0.013451930649;
2009, 0.0130323646738;
2010, 0.0130904584242;
2011, 0.0132841042589;
2012, 0.0132195556474;
2013, 0.0134777500936;
2014, 0.0137488542621;
