1988, 0.052613573282;
1989, 0.0538464517628;
1990, 0.0560862885839;
1991, 0.057661274706;
1992, 0.05935890319;
1993, 0.060766062922;
1994, 0.0622248615432;
1995, 0.0634448303017;
1996, 0.0647551671164;
1997, 0.0637094796091;
1998, 0.0636126566918;
1999, 0.0644066046139;
2000, 0.0647616219775;
2001, 0.0908457159087;
2002, 0.0918333096655;
2003, 0.0926143478654;
2004, 0.092930636062;
2005, 0.0932856534256;
2006, 0.0936858548173;
2007, 0.0939569589858;
2008, 0.0937697680123;
2009, 0.0926078930042;
2010, 0.101812525013;
2011, 0.100747472922;
2012, 0.09872710138;
2013, 0.0969261951175;
2014, 0.0945572610733;
