1988, 0.00427311808523;
1989, 0.00449903822569;
1990, 0.00461522572649;
1991, 0.00502833684047;
1992, 0.00520907295284;
1993, 0.00545435767677;
1994, 0.00576419101225;
1995, 0.00594492712462;
1996, 0.00606111462542;
1997, 0.00644195143362;
1998, 0.00684860768645;
1999, 0.00741018060702;
2000, 0.00794593408296;
2001, 0.00852041672584;
2002, 0.00884315978363;
2003, 0.00919817714721;
2004, 0.00948864589923;
2005, 0.00986302784627;
2006, 0.00995339590245;
2007, 0.0102309549322;
2008, 0.0106957049354;
2009, 0.0110055382709;
2010, 0.0111798195221;
2011, 0.0115542014691;
2012, 0.011631659803;
2013, 0.0119027639715;
2014, 0.0124966111979;
