1989, 0.0336040071778;
1990, 0.0344495939892;
1991, 0.0355921044138;
1992, 0.0371089967855;
1993, 0.0385871599902;
1994, 0.0390002711042;
1995, 0.038993816243;
1996, 0.0395231148578;
1997, 0.0396005731917;
1998, 0.0393617433289;
1999, 0.0388582641587;
2000, 0.0385355211009;
2001, 0.0381095002646;
2002, 0.0372187294251;
2003, 0.0366636113657;
2004, 0.0356760176089;
2005, 0.034191399543;
2006, 0.0320677502227;
2007, 0.0306799550742;
2008, 0.0288403196447;
2009, 0.0276848994978;
2010, 0.0257807154568;
2011, 0.0302022953486;
2012, 0.0283239307522;
2013, 0.0265359342121;
2014, 0.0256064342056;
