1988, 0.0128968125896;
1989, 0.0127031667549;
1990, 0.0124772466144;
1991, 0.0122061424459;
1992, 0.0118253056377;
1993, 0.0116252049418;
1994, 0.0117413924426;
1995, 0.011922128555;
1996, 0.0117865764707;
1997, 0.0117994861931;
1998, 0.0120964098062;
1999, 0.0121738681401;
2000, 0.0120512257781;
2001, 0.0120576806393;
2002, 0.0119350382773;
2003, 0.0119544028608;
2004, 0.0119866771666;
2005, 0.0119285834162;
2006, 0.0113670104956;
2007, 0.0112120938279;
2008, 0.0112443681336;
2009, 0.0113218264675;
2010, 0.011302461884;
2011, 0.0109797188262;
2012, 0.0108893507701;
2013, 0.0107279792412;
2014, 0.0104246007668;
