1988, 0.0227340209912;
1989, 0.0229922154374;
1990, 0.0231923161333;
1991, 0.0231923161333;
1992, 0.02367643072;
1993, 0.0237280696092;
1994, 0.0235925175249;
1995, 0.023347232801;
1996, 0.023347232801;
1997, 0.0223402744607;
1998, 0.0220820800145;
1999, 0.0215075973716;
2000, 0.021649604317;
2001, 0.0218367952905;
2002, 0.0334490905101;
2003, 0.0341720349595;
2004, 0.0349272537148;
2005, 0.0352887259395;
2006, 0.0359342120551;
2007, 0.0360826738617;
2008, 0.036011670389;
2009, 0.0363731426137;
2010, 0.0356050141361;
2011, 0.0351789932999;
2012, 0.0348368856586;
2013, 0.0339783891248;
2014, 0.0326357780044;
