1988, 0.015026916771;
1989, 0.0153432049677;
1990, 0.0160338751113;
1991, 0.0162727049741;
1992, 0.0167955487277;
1993, 0.0174023056764;
1994, 0.0176475904003;
1995, 0.0179122397077;
1996, 0.0180671563755;
1997, 0.0182285279044;
1998, 0.0181252501259;
1999, 0.0180155174862;
2000, 0.018170434154;
2001, 0.0183188959605;
2002, 0.0183318056829;
2003, 0.0186093647126;
2004, 0.0188417397142;
2005, 0.0188804688811;
2006, 0.0189902015208;
2007, 0.0187965556861;
2008, 0.0187965556861;
2009, 0.0183318056829;
2010, 0.0177508681788;
2011, 0.0172344792864;
2012, 0.0166729063658;
2013, 0.0160726042783;
2014, 0.0153367501065;
