1988, 0.0145879862124;
1989, 0.0141361459315;
1990, 0.0135293889828;
1991, 0.0130710938408;
1992, 0.0129226320342;
1993, 0.0128709931449;
1994, 0.0125805243929;
1995, 0.0126192535599;
1996, 0.0123610591136;
1997, 0.0125740695318;
1998, 0.0127289861995;
1999, 0.0128903577284;
2000, 0.0132324653697;
2001, 0.0134002917597;
2002, 0.0134261112043;
2003, 0.013329288287;
2004, 0.0135616632886;
2005, 0.013535843844;
2006, 0.0139360452357;
2007, 0.0142006945431;
2008, 0.014116781348;
2009, 0.0142265139877;
2010, 0.0139554098191;
2011, 0.013910225791;
2012, 0.013910225791;
2013, 0.013658486206;
2014, 0.0134906598159;
