1988, 9.03680561831e-05;
1989, 0.000135552084275;
1990, 0.000142006945431;
1991, 0.000135552084275;
1992, 0.000154916667742;
1993, 0.000180736112366;
1994, 0.00020655555699;
1995, 0.000180736112366;
1996, 0.000213010418146;
1997, 0.000213010418146;
1998, 0.00020655555699;
1999, 0.000193645834678;
2000, 0.000277559029705;
2001, 0.000251739585082;
2002, 0.000277559029705;
2003, 0.000290468752017;
2004, 0.000342107641265;
2005, 0.000400201391668;
2006, 0.0003808368082;
2007, 0.000374381947044;
2008, 0.000309833335485;
2009, 0.000290468752017;
2010, 0.000329197918953;
2011, 0.0003808368082;
2012, 0.000374381947044;
2013, 0.000387291669356;
2014, 0.000387291669356;
