1988, 0.00145879862124;
1989, 0.00138779514853;
1990, 0.00133615625928;
1991, 0.00134906598159;
1992, 0.00135552084275;
1993, 0.00138779514853;
1994, 0.00147170834355;
1995, 0.00139425000968;
1996, 0.00140070487084;
1997, 0.00133615625928;
1998, 0.00141361459315;
1999, 0.0014652534824;
2000, 0.00142652431546;
2001, 0.0013619757039;
2002, 0.00131679167581;
2003, 0.00131033681466;
2004, 0.00118769445269;
2005, 0.0012457882031;
2006, 0.0012457882031;
2007, 0.00127160764772;
2008, 0.00129742709234;
2009, 0.0013619757039;
2010, 0.00150398264933;
2011, 0.00158789584436;
2012, 0.00172344792864;
2013, 0.00182027084597;
2014, 0.00200100695834;
