1988, 0.0264455661559;
1989, 0.0269038612979;
1990, 0.0271426911607;
1991, 0.0274718890797;
1992, 0.0278527258879;
1993, 0.0283303856134;
1994, 0.0289113231174;
1995, 0.0286983126993;
1996, 0.0291953370083;
1997, 0.0285111217258;
1998, 0.0279882779721;
1999, 0.0279947328333;
2000, 0.0282658370018;
2001, 0.0284853022811;
2002, 0.0287176772828;
2003, 0.0289500522844;
2004, 0.0296859064562;
2005, 0.0303120279883;
2006, 0.0308671460477;
2007, 0.0314739029963;
2008, 0.0322936703632;
2009, 0.0327132363383;
2010, 0.0334361807878;
2011, 0.033984843986;
2012, 0.033817017596;
2013, 0.0337008300951;
2014, 0.0333780870373;
