1988, 0.122881191826;
1989, 0.122100153626;
1990, 0.123029653632;
1991, 0.125179122397;
1992, 0.126489459212;
1993, 0.129303778676;
1994, 0.131356424523;
1995, 0.133622080789;
1996, 0.134093285653;
1997, 0.135087334271;
1998, 0.136410580808;
1999, 0.138495500962;
2000, 0.140599785699;
2001, 0.142581428073;
2002, 0.143756212804;
2003, 0.143717483637;
2004, 0.145550664205;
2005, 0.144763171144;
2006, 0.14435006003;
2007, 0.143975678083;
2008, 0.143594841275;
2009, 0.144169323918;
2010, 0.145402202399;
2011, 0.146002504486;
2012, 0.146389796155;
2013, 0.146318792683;
2014, 0.145808858651;
