1988, 0.0209331147287;
1989, 0.0214495036212;
1990, 0.0220304411252;
1991, 0.022888937659;
1992, 0.0232310453002;
1993, 0.0238571668323;
1994, 0.0243154619744;
1995, 0.0250061321181;
1996, 0.0253224203147;
1997, 0.0259614515692;
1998, 0.0298150036793;
1999, 0.030673500213;
2000, 0.0318482849434;
2001, 0.0325970488375;
2002, 0.0330553439796;
2003, 0.0337395592621;
2004, 0.0346303301016;
2005, 0.0353145453841;
2006, 0.0358825731659;
2007, 0.0370702676185;
2008, 0.0385419759621;
2009, 0.0395424794413;
2010, 0.0402718787519;
2011, 0.0407947225055;
2012, 0.0413369308426;
2013, 0.042014691264;
2014, 0.042427802378;
