1988, 0.00109087153535;
1989, 0.00125224306425;
1990, 0.0012457882031;
1991, 0.00129097223119;
1992, 0.00131679167581;
1993, 0.00142006945431;
1994, 0.00134261112043;
1995, 0.00150398264933;
1996, 0.00161371528898;
1997, 0.00176217709557;
1998, 0.001904184041;
1999, 0.00204619098643;
2000, 0.00200100695834;
2001, 0.00211719445915;
2002, 0.00207846529221;
2003, 0.0022269270988;
2004, 0.00229793057151;
2005, 0.00225920140458;
2006, 0.00233665973845;
2007, 0.00233020487729;
2008, 0.00233020487729;
2009, 0.00245930210041;
2010, 0.00245930210041;
2011, 0.00267231251856;
2012, 0.00297569099289;
2013, 0.00305960418791;
2014, 0.00322743057797;
