1988, 0.0794593408296;
1989, 0.0780844554034;
1990, 0.0774841533159;
1991, 0.0778456255406;
1992, 0.0787170317966;
1993, 0.0780973651257;
1994, 0.0761931810847;
1995, 0.0749732123262;
1996, 0.0736886949562;
1997, 0.0718296949433;
1998, 0.0697189553453;
1999, 0.0667949032416;
2000, 0.0639031254438;
2001, 0.0624443268225;
2002, 0.061553555983;
2003, 0.0606176011154;
2004, 0.058571410129;
2005, 0.0565510385872;
2006, 0.0552277920502;
2007, 0.0534785246769;
2008, 0.0534010663431;
2009, 0.0533365177315;
2010, 0.0543563857941;
2011, 0.0570351531739;
2012, 0.0554795316353;
2013, 0.0554730767741;
2014, 0.0561379274732;
