1988, 0.0305573127122;
1989, 0.0312027988278;
1990, 0.0320483856392;
1991, 0.0322613960574;
1992, 0.0328746078672;
1993, 0.0330617988407;
1994, 0.0330488891184;
1995, 0.0329972502291;
1996, 0.0329004273118;
1997, 0.0319386529996;
1998, 0.0308736009088;
1999, 0.0307315939634;
2000, 0.0305185835453;
2001, 0.0308090522973;
2002, 0.0309446043816;
2003, 0.0311963439666;
2004, 0.0318095557765;
2005, 0.0320161113334;
2006, 0.0321903925847;
2007, 0.0320096564723;
2008, 0.0320161113334;
2009, 0.0322355766127;
2010, 0.03216457314;
2011, 0.0320354759169;
2012, 0.0316159099418;
2013, 0.0308477814642;
2014, 0.0299957397916;
