1988, 0.0214495036212;
1989, 0.0221789029318;
1990, 0.0233020487729;
1991, 0.0243606460025;
1992, 0.0247027536438;
1993, 0.0252966008701;
1994, 0.0261292779592;
1995, 0.0272072397723;
1996, 0.027400885607;
1997, 0.0297569099289;
1998, 0.0300796529867;
1999, 0.029350253676;
2000, 0.0294406217322;
2001, 0.0303894863221;
2002, 0.0316481842476;
2003, 0.0330811634242;
2004, 0.0339590245414;
2005, 0.0345593266289;
2006, 0.0361084933063;
2007, 0.0372703683144;
2008, 0.0374898335937;
2009, 0.0381288648481;
2010, 0.038825989853;
2011, 0.0397554898594;
2012, 0.0404655245866;
2013, 0.0409109100063;
2014, 0.0410916461187;
