1988, 0.00838486464156;
1989, 0.00844941325312;
1990, 0.00838486464156;
1991, 0.00832031603;
1992, 0.00841713894734;
1993, 0.00872051742167;
1994, 0.00895289242328;
1995, 0.00920463200837;
1996, 0.00934018409264;
1997, 0.00950801048269;
1998, 0.00968874659506;
1999, 0.0241605453067;
2000, 0.0244832883645;
2001, 0.0247479376719;
2002, 0.024877034895;
2003, 0.0249351286454;
2004, 0.0255612501775;
2005, 0.0253482397594;
2006, 0.0255677050387;
2007, 0.0253288751759;
2008, 0.0249222189231;
2009, 0.0247156633661;
2010, 0.0246511147545;
2011, 0.0242057293348;
2012, 0.0237474341927;
2013, 0.0232504098837;
2014, 0.0227211112689;
