1988, 0.043421850996;
1989, 0.0444739933644;
1990, 0.0451323892023;
1991, 0.0450936600354;
1992, 0.0457520558733;
1993, 0.046197441293;
1994, 0.046694465602;
1995, 0.0463781774054;
1996, 0.0463329933773;
1997, 0.046733194769;
1998, 0.0471011218549;
1999, 0.0467073753244;
2000, 0.0466686461574;
2001, 0.046029614903;
2002, 0.0448419204503;
2003, 0.0438995107215;
2004, 0.0419243232078;
2005, 0.0408463613948;
2006, 0.0404977988923;
2007, 0.0387420766579;
2008, 0.0375350176218;
2009, 0.0361924065013;
2010, 0.0349078891313;
2011, 0.0340623023199;
2012, 0.0337137398175;
2013, 0.0325712293929;
2014, 0.0323194898078;
