1988, 0.0389228127703;
1989, 0.0404526148643;
1990, 0.0415370315385;
1991, 0.0423567989053;
1992, 0.0433508475233;
1993, 0.0442803475297;
1994, 0.0453647642039;
1995, 0.046526639212;
1996, 0.0472947676895;
1997, 0.0625992434903;
1998, 0.0623152295994;
1999, 0.0625088754341;
2000, 0.0625024205729;
2001, 0.0630123546043;
2002, 0.0638256671099;
2003, 0.0644195143362;
2004, 0.0657363060121;
2005, 0.0667109900466;
2006, 0.0674145699126;
2007, 0.0674403893572;
2008, 0.0674145699126;
2009, 0.0681375143621;
2010, 0.0686539032545;
2011, 0.0686668129769;
2012, 0.0684602574199;
2013, 0.0674597539407;
2014, 0.0657685803178;
