1988, 0.121338480009;
1989, 0.125908521708;
1990, 0.12882611895;
1991, 0.131298330773;
1992, 0.134293386349;
1993, 0.13619757039;
1994, 0.138379313461;
1995, 0.138837608603;
1996, 0.141329185009;
1997, 0.138521320406;
1998, 0.136914059979;
1999, 0.136210480113;
2000, 0.136946334284;
2001, 0.137617639845;
2002, 0.138921521798;
2003, 0.140993532229;
2004, 0.142568518351;
2005, 0.144524341281;
2006, 0.146041233653;
2007, 0.146654445463;
2008, 0.146570532268;
2009, 0.147319296162;
2010, 0.150643549657;
2011, 0.152366997586;
2012, 0.152631646893;
2013, 0.153625695511;
2014, 0.154219542738;
