1988, 0.0029305069648;
1989, 0.00306605904907;
1990, 0.00324034030028;
1991, 0.00322743057797;
1992, 0.00321452085566;
1993, 0.00333070835646;
1994, 0.0033694375234;
1995, 0.00355662849692;
1996, 0.00364054169195;
1997, 0.0109926285486;
1998, 0.0112443681336;
1999, 0.0113863750791;
2000, 0.0115348368857;
2001, 0.0115800209138;
2002, 0.0120189514724;
2003, 0.0122448716128;
2004, 0.0128451737003;
2005, 0.0134325660655;
2006, 0.0140264132919;
2007, 0.0147880869083;
2008, 0.0152592917726;
2009, 0.0162597952518;
2010, 0.017053743174;
2011, 0.0174991285937;
2012, 0.0178476910962;
2013, 0.0183898994333;
2014, 0.01887401402;
