1988, 0.0378900349853;
1989, 0.0388840836034;
1990, 0.0390131808265;
1991, 0.0392261912446;
1992, 0.0398523127768;
1993, 0.0404461600031;
1994, 0.0393294690231;
1995, 0.0381805037374;
1996, 0.0370379933128;
1997, 0.0404332502808;
1998, 0.0378577606796;
1999, 0.0363085940021;
2000, 0.0353661842734;
2001, 0.0348433405197;
2002, 0.0340171182918;
2003, 0.0343721356554;
2004, 0.0339590245414;
2005, 0.0333393578704;
2006, 0.0342043092653;
2007, 0.0346367849628;
2008, 0.0347206981578;
2009, 0.0346948787132;
2010, 0.03551464608;
2011, 0.0355921044138;
2012, 0.0346109655181;
2013, 0.0336169169001;
2014, 0.0340042085695;
