1988, 0.0653167400369;
1989, 0.0648197157279;
1990, 0.0647035282271;
1991, 0.0643162365578;
1992, 0.0646196150321;
1993, 0.064077406695;
1994, 0.0635287434967;
1995, 0.0623539587663;
1996, 0.0614373684822;
1997, 0.0597461948593;
1998, 0.0591329830495;
1999, 0.0581195698481;
2000, 0.0578549205407;
2001, 0.0581131149869;
2002, 0.0593137191619;
2003, 0.0595525490247;
2004, 0.0594880004131;
2005, 0.0595460941635;
2006, 0.0591136184661;
2007, 0.0588941531868;
2008, 0.058739236519;
2009, 0.0591200733272;
2010, 0.0588166948529;
2011, 0.0588941531868;
2012, 0.0592104413834;
2013, 0.0600818476395;
2014, 0.0608241566724;
