1988, 0.131149868966;
1989, 0.13295723009;
1990, 0.134919507881;
1991, 0.138869882909;
1992, 0.141032261396;
1993, 0.142471695434;
1994, 0.143543202386;
1995, 0.147390299635;
1996, 0.150766192019;
1997, 0.152141077445;
1998, 0.154942487187;
1999, 0.157330785815;
2000, 0.160383935142;
2001, 0.162823872658;
2002, 0.166257858793;
2003, 0.167710202554;
2004, 0.165276719898;
2005, 0.161991195569;
2006, 0.158873497631;
2007, 0.1568014872;
2008, 0.155316869134;
2009, 0.155587973303;
2010, 0.154800480242;
2011, 0.152941480229;
2012, 0.151527865636;
2013, 0.148364983669;
2014, 0.146596351712;
