1988, 0.0239410800274;
1989, 0.0246962987826;
1990, 0.0255483404552;
1991, 0.025787170318;
1992, 0.0262325557377;
1993, 0.0266198474071;
1994, 0.0268199481029;
1995, 0.0274977085243;
1996, 0.0279882779721;
1997, 0.0281044654729;
1998, 0.0319386529996;
1999, 0.0322678509185;
2000, 0.0321322988343;
2001, 0.0321000245285;
2002, 0.0325454099482;
2003, 0.0329262467564;
2004, 0.0335394585662;
2005, 0.0340300280141;
2006, 0.0347336078801;
2007, 0.036921805812;
2008, 0.0391422780496;
2009, 0.0411174655633;
2010, 0.042098604459;
2011, 0.0425633544622;
2012, 0.0431120176605;
2013, 0.0439769690554;
2014, 0.0442480732239;
