1988, 0.0410916461187;
1989, 0.0392907398562;
1990, 0.0384580627671;
1991, 0.0372768231755;
1992, 0.0358180245543;
1993, 0.0348627051032;
1994, 0.0351338092718;
1995, 0.035475916913;
1996, 0.0359277571939;
1997, 0.0361730419179;
1998, 0.0370379933128;
1999, 0.0370831773409;
2000, 0.0368766217839;
2001, 0.036883076645;
2002, 0.0372058197028;
2003, 0.0366507016434;
2004, 0.0358567537212;
2005, 0.0350950801048;
2006, 0.0342559481546;
2007, 0.0327261460606;
2008, 0.0316223648029;
2009, 0.0304733995172;
2010, 0.0293631633984;
2011, 0.0283045661688;
2012, 0.0273815210235;
2013, 0.0274137953293;
2014, 0.026781218936;
