1988, 0.00360181252501;
1989, 0.00365345141426;
1990, 0.00375672919276;
1991, 0.00377609377622;
1992, 0.00385355211009;
1993, 0.0040730173894;
1994, 0.00405365280593;
1995, 0.0040730173894;
1996, 0.00416984030674;
1997, 0.00411174655633;
1998, 0.00398910419437;
1999, 0.00394392016628;
2000, 0.00389228127703;
2001, 0.00420211461251;
2002, 0.0042924826687;
2003, 0.00433121183563;
2004, 0.00446030905875;
2005, 0.00477014239424;
2006, 0.00485405558926;
2007, 0.00493796878429;
2008, 0.00507352086857;
2009, 0.00535107989827;
2010, 0.00557054517757;
2011, 0.00562218406682;
2012, 0.00558990976104;
2013, 0.00584810420728;
2014, 0.00588037851306;
