1988, 0.0201133473619;
1989, 0.0199197015272;
1990, 0.0202747188908;
1991, 0.0201778959735;
1992, 0.0201391668065;
1993, 0.0206813751436;
1994, 0.0210880313964;
1995, 0.0209976633403;
1996, 0.0206813751436;
1997, 0.0204102709751;
1998, 0.0200552536115;
1999, 0.0203715418081;
2000, 0.0204619098643;
2001, 0.020532913337;
2002, 0.0206168265321;
2003, 0.020365086947;
2004, 0.0200165244446;
2005, 0.0199261563884;
2006, 0.0199584306942;
2007, 0.0194355869405;
2008, 0.0195905036083;
2009, 0.0194162223571;
2010, 0.019125753605;
2011, 0.0190482952712;
2012, 0.0187707362415;
2013, 0.018338260544;
2014, 0.0180219723474;
