1988, 0.0168084584501;
1989, 0.0172732084533;
1990, 0.0175055834549;
1991, 0.0182156181821;
1992, 0.0184996320729;
1993, 0.0188288299919;
1994, 0.0189966563819;
1995, 0.0188481945753;
1996, 0.0187449167968;
1997, 0.0183576251275;
1998, 0.0181252501259;
1999, 0.0183059862382;
2000, 0.0184286286002;
2001, 0.0182672570713;
2002, 0.0181962535986;
2003, 0.0180671563755;
2004, 0.0182091633209;
2005, 0.0182866216548;
2006, 0.0183188959605;
2007, 0.0182414376267;
2008, 0.0179703334581;
2009, 0.0177895973458;
2010, 0.0177056841507;
2011, 0.0175120383161;
2012, 0.016847187617;
2013, 0.0162339758072;
2014, 0.0154981216354;
