1988, 0.0103600521553;
1989, 0.0101147674314;
1990, 0.00999857993055;
1991, 0.00985657298512;
1992, 0.0102696840991;
1993, 0.00995339590245;
1994, 0.0101147674314;
1995, 0.0100437639586;
1996, 0.00988239242974;
1997, 0.00980493409587;
1998, 0.00945637159345;
1999, 0.0088625243671;
2000, 0.0084816875589;
2001, 0.00814603477879;
2002, 0.00772646880366;
2003, 0.0073391771343;
2004, 0.0072358993558;
2005, 0.00725526393927;
2006, 0.00757155213591;
2007, 0.00779747227637;
2008, 0.00763610074747;
2009, 0.00796529866643;
2010, 0.00816539936226;
2011, 0.00854623617046;
2012, 0.00861078478202;
2013, 0.00893352783982;
2014, 0.00949510076038;
