1988, 0.000122642361963;
1989, 0.000142006945431;
1990, 0.000154916667742;
1991, 0.000148461806587;
1992, 0.000167826390054;
1993, 0.000135552084275;
1994, 0.000167826390054;
1995, 0.000148461806587;
1996, 0.000187190973522;
1997, 0.000225920140458;
1998, 0.000193645834678;
1999, 0.000213010418146;
2000, 0.000251739585082;
2001, 0.000271104168549;
2002, 0.000296923613173;
2003, 0.000342107641265;
2004, 0.000335652780109;
2005, 0.000355017363577;
2006, 0.0003808368082;
2007, 0.000335652780109;
2008, 0.000335652780109;
2009, 0.000367927085888;
2010, 0.000367927085888;
2011, 0.000342107641265;
2012, 0.000419565975136;
2013, 0.000426020836292;
2014, 0.00044538541976;
