1988, 0.0342559481546;
1989, 0.0332360800919;
1990, 0.0337524689844;
1991, 0.0339267502356;
1992, 0.0335394585662;
1993, 0.0329972502291;
1994, 0.0335781877332;
1995, 0.033487819677;
1996, 0.0328423335614;
1997, 0.0322936703632;
1998, 0.0324421321697;
1999, 0.031377080079;
2000, 0.0313899898013;
2001, 0.0315965453583;
2002, 0.0321774828623;
2003, 0.0318031009153;
2004, 0.0308477814642;
2005, 0.0302862085437;
2006, 0.030092562709;
2007, 0.0299311911801;
2008, 0.0290210557571;
2009, 0.029266340481;
2010, 0.0290275106182;
2011, 0.0287757710332;
2012, 0.0285692154762;
2013, 0.0290856043687;
2014, 0.028853229367;
