1988, 0.0070164340765;
1989, 0.00705516324344;
1990, 0.0072810833839;
1991, 0.00745536463511;
1992, 0.00755218755245;
1993, 0.00802339241683;
1994, 0.0081008507507;
1995, 0.00843650353081;
1996, 0.00945637159345;
1997, 0.009727475762;
1998, 0.0098436632628;
1999, 0.0101728611818;
2000, 0.0104439653503;
2001, 0.0107925278527;
2002, 0.011050722299;
2003, 0.0111669097998;
2004, 0.011547746608;
2005, 0.0117091181369;
2006, 0.0118059410542;
2007, 0.0121093195285;
2008, 0.0123029653632;
2009, 0.0127418959218;
2010, 0.0131937362027;
2011, 0.0136907605117;
2012, 0.0138004931514;
2013, 0.01423942371;
2014, 0.0148913646867;
