1988, 0.0840810214172;
1989, 0.0849976117014;
1990, 0.0854559068434;
1991, 0.0853461742038;
1992, 0.085107344341;
1993, 0.0847587818386;
1994, 0.0835065387744;
1995, 0.0833387123843;
1996, 0.0831708859942;
1997, 0.0835646325248;
1998, 0.0837324589148;
1999, 0.0837066394702;
2000, 0.0835065387744;
2001, 0.0841003860007;
2002, 0.0842036637792;
2003, 0.0852945353145;
2004, 0.0871083512994;
2005, 0.0891158131189;
2006, 0.0901679554873;
2007, 0.0952737506616;
2008, 0.100263358335;
2009, 0.103284233356;
2010, 0.106079188237;
2011, 0.108603038949;
2012, 0.110610500768;
2013, 0.111552910497;
2014, 0.111940202166;
