1988, 0.0199067918049;
1989, 0.0200681633338;
1990, 0.0202618091685;
1991, 0.0199132466661;
1992, 0.0202166251404;
1993, 0.0204748195866;
1994, 0.020655555699;
1995, 0.0206878300048;
1996, 0.0207136494494;
1997, 0.0208104723667;
1998, 0.0211654897303;
1999, 0.0214688682046;
2000, 0.0221401737649;
2001, 0.0226178334904;
2002, 0.0231987709944;
2003, 0.0373865558152;
2004, 0.0389486322149;
2005, 0.0403880662527;
2006, 0.0422147919598;
2007, 0.044538541976;
2008, 0.0468493822698;
2009, 0.0488116600612;
2010, 0.0498960767354;
2011, 0.0509611288261;
2012, 0.0514839725797;
2013, 0.0519809968888;
2014, 0.0524199274474;
