1988, 0.0231923161333;
1989, 0.0225403751565;
1990, 0.022269270988;
1991, 0.0223209098772;
1992, 0.0215850557055;
1993, 0.0207846529221;
1994, 0.0204296355585;
1995, 0.0194484966628;
1996, 0.0187061876299;
1997, 0.0176927744284;
1998, 0.0163307987245;
1999, 0.0159047778882;
2000, 0.0151043751049;
2001, 0.0146331702405;
2002, 0.0143427014885;
2003, 0.0138198577349;
2004, 0.0137294896787;
2005, 0.0130581841185;
2006, 0.0134325660655;
2007, 0.0136455764836;
2008, 0.0136972153729;
2009, 0.0140199584307;
2010, 0.0141813299596;
2011, 0.0141361459315;
2012, 0.014362066072;
2013, 0.0144717987116;
2014, 0.0148009966306;
