1988, 0.00618375698739;
1989, 0.00624830559895;
1990, 0.00644840629478;
1991, 0.00666787157408;
1992, 0.00700997921535;
1993, 0.00699061463188;
1994, 0.00724235421696;
1995, 0.00731335768968;
1996, 0.0075586424136;
1997, 0.00770710422019;
1998, 0.0079394792218;
1999, 0.00822349311266;
2000, 0.00836550005809;
2001, 0.00850105214237;
2002, 0.00874633686629;
2003, 0.00904326047947;
2004, 0.00921108686952;
2005, 0.00955964937194;
2006, 0.00983720840165;
2007, 0.0101276771537;
2008, 0.010637611185;
2009, 0.0111733646609;
2010, 0.011341191051;
2011, 0.0114444688295;
2012, 0.0116381146642;
2013, 0.0118833993881;
2014, 0.0121932327236;
