1988, 0.00898516672906;
1989, 0.00833322575231;
1990, 0.00784911116562;
1991, 0.0073391771343;
1992, 0.00691315629801;
1993, 0.00677114935258;
1994, 0.00645486115594;
1995, 0.00628057990473;
1996, 0.00637740282207;
1997, 0.0063580382386;
1998, 0.00629994448819;
1999, 0.00634512851629;
2000, 0.00639031254438;
2001, 0.00633867365513;
2002, 0.00628057990473;
2003, 0.00639031254438;
2004, 0.00624185073779;
2005, 0.00630639934935;
2006, 0.00627412504357;
2007, 0.00631930907166;
2008, 0.00616439240392;
2009, 0.00602238545849;
2010, 0.00588037851306;
2011, 0.00576419101225;
2012, 0.00563509378913;
2013, 0.00546726739908;
2014, 0.00528653128671;
