1988, 0.0149559132983;
1989, 0.0151043751049;
1990, 0.0154852119131;
1991, 0.0155368508023;
1992, 0.0158079549709;
1993, 0.0161500626122;
1994, 0.0163372535857;
1995, 0.0161371528898;
1996, 0.0164857153923;
1997, 0.0166148126154;
1998, 0.0170279237294;
1999, 0.0172344792864;
2000, 0.0173700313706;
2001, 0.0182091633209;
2002, 0.0188417397142;
2003, 0.0194226772182;
2004, 0.0196421424975;
2005, 0.0200875279173;
2006, 0.0202295348627;
2007, 0.0208104723667;
2008, 0.0209782987568;
2009, 0.0214559584823;
2010, 0.0217206077897;
2011, 0.0218303404294;
2012, 0.0215398716774;
2013, 0.0215721459831;
2014, 0.0214495036212;
