1988, 0.00995339590245;
1989, 0.00975329520662;
1990, 0.00976620492893;
1991, 0.00932727437033;
1992, 0.00912071881334;
1993, 0.00888188895057;
1994, 0.00855914589277;
1995, 0.00837840978041;
1996, 0.00841713894734;
1997, 0.00841068408619;
1998, 0.00829449658538;
1999, 0.0198745174991;
2000, 0.0202876286131;
2001, 0.0204425452809;
2002, 0.020655555699;
2003, 0.0207523786163;
2004, 0.0207588334775;
2005, 0.0210041182014;
2006, 0.0208362918114;
2007, 0.0210234827849;
2008, 0.0212494029253;
2009, 0.0212042188973;
2010, 0.021359135565;
2011, 0.0212106737584;
2012, 0.0216689689005;
2013, 0.0218174307071;
2014, 0.0217141529286;
