1988, 0.00316288196641;
1989, 0.00329843405068;
1990, 0.00349853474652;
1991, 0.0035889028027;
1992, 0.00374381947044;
1993, 0.00385355211009;
1994, 0.0041311111398;
1995, 0.00413756600096;
1996, 0.0041311111398;
1997, 0.00422793405714;
1998, 0.00434412155795;
1999, 0.00422147919598;
2000, 0.00423438891829;
2001, 0.00436994100257;
2002, 0.00450549308684;
2003, 0.00454422225378;
2004, 0.00455067711494;
2005, 0.00472495836615;
2006, 0.00495733336776;
2007, 0.00462813544881;
2008, 0.0047314132273;
2009, 0.00531880559249;
2010, 0.00557054517757;
2011, 0.00583519448497;
2012, 0.00602238545849;
2013, 0.00596429170809;
2014, 0.00588037851306;
