1988, 0.00349207988536;
1989, 0.00364054169195;
1990, 0.00349207988536;
1991, 0.0036921805812;
1992, 0.00375672919276;
1993, 0.00357599308039;
1994, 0.00372445488698;
1995, 0.00393101044397;
1996, 0.00398264933321;
1997, 0.00389873613819;
1998, 0.00392455558281;
1999, 0.00424084377945;
2000, 0.00433766669679;
2001, 0.00440221530835;
2002, 0.00453776739262;
2003, 0.00462168058765;
2004, 0.00471850350499;
2005, 0.00477659725539;
2006, 0.00471850350499;
2007, 0.00502833684047;
2008, 0.00511870489666;
2009, 0.0054930868437;
2010, 0.00562218406682;
2011, 0.00571900698416;
2012, 0.00583519448497;
2013, 0.00607402434774;
2014, 0.00600302087502;
