1988, 0.00655813893443;
1989, 0.00664850699061;
1990, 0.00684860768645;
1991, 0.00693897574263;
1992, 0.00694543060379;
1993, 0.00718426046656;
1994, 0.00769419449788;
1995, 0.00781038199868;
1996, 0.00819767366804;
1997, 0.00866242367127;
1998, 0.00912717367449;
1999, 0.00966292715044;
2000, 0.00997921534708;
2001, 0.0101793160429;
2002, 0.0105020591007;
2003, 0.0105924271569;
2004, 0.0107086146577;
2005, 0.0108570764643;
2006, 0.0106763403519;
2007, 0.0104375104891;
2008, 0.0104246007668;
2009, 0.0100954028479;
2010, 0.00981138895702;
2011, 0.00985657298512;
2012, 0.00983720840165;
2013, 0.00973393062315;
2014, 0.00982429867934;
