1988, 0.0135164792605;
1989, 0.0133099237035;
1990, 0.0136455764836;
1991, 0.0135681181498;
1992, 0.0132131007862;
1993, 0.0132131007862;
1994, 0.0123094202244;
1995, 0.0112443681336;
1996, 0.00990175701321;
1997, 0.00901744103484;
1998, 0.00823640283498;
1999, 0.00735854171777;
2000, 0.0066355972683;
2001, 0.00659686810137;
2002, 0.00640967712784;
2003, 0.00586101392959;
2004, 0.00570609726185;
2005, 0.00553181601064;
2006, 0.00534462503712;
2007, 0.0052736215644;
2008, 0.00504124656279;
2009, 0.00513806948013;
2010, 0.00533817017596;
2011, 0.00518325350822;
2012, 0.00516388892475;
2013, 0.00524134725862;
2014, 0.00530589587018;
