1988, 0.0280592814449;
1989, 0.0278333613044;
1990, 0.0273427918565;
1991, 0.02736215644;
1992, 0.0264584758782;
1993, 0.0259872710138;
1994, 0.0255483404552;
1995, 0.024838305728;
1996, 0.0236247918307;
1997, 0.0237087050258;
1998, 0.0225210105731;
1999, 0.021481777927;
2000, 0.0207846529221;
2001, 0.0199261563884;
2002, 0.0196550522198;
2003, 0.0190741147158;
2004, 0.0190870244381;
2005, 0.0191322084662;
2006, 0.0186480938795;
2007, 0.0183447154052;
2008, 0.0183124410994;
2009, 0.0179703334581;
2010, 0.0180671563755;
2011, 0.0179380591523;
2012, 0.0181897987374;
2013, 0.0182027084597;
2014, 0.0180284272085;
