1988, 0.0374123752598;
1989, 0.0378254863738;
1990, 0.0378383960961;
1991, 0.037709298873;
1992, 0.0379545835969;
1993, 0.038703347491;
1994, 0.0384774273505;
1995, 0.0387743509637;
1996, 0.0393681981901;
1997, 0.0497217954842;
1998, 0.0504899239617;
1999, 0.0511095906327;
2000, 0.0513677850789;
2001, 0.0512257781335;
2002, 0.0512774170228;
2003, 0.0505092885452;
2004, 0.050541562851;
2005, 0.0496507920115;
2006, 0.0486567433934;
2007, 0.0476175107473;
2008, 0.0460425246253;
2009, 0.045242121842;
2010, 0.0443836253082;
2011, 0.0438866009992;
2012, 0.0433443926621;
2013, 0.0430474690489;
2014, 0.0424084377945;
