1988, 0.00471850350499;
1989, 0.00504770142394;
1990, 0.00522198267515;
1991, 0.00540917364867;
1992, 0.00536398962058;
1993, 0.00551245142717;
1994, 0.005712552123;
1995, 0.005712552123;
1996, 0.00611275351467;
1997, 0.00598365629155;
1998, 0.00582228476265;
1999, 0.00582873962381;
2000, 0.00597074656924;
2001, 0.00598365629155;
2002, 0.00611275351467;
2003, 0.00633221879397;
2004, 0.00688088199223;
2005, 0.00687442713107;
2006, 0.00711325699384;
2007, 0.00748118407973;
2008, 0.00782974658215;
2009, 0.00832031603;
2010, 0.00832031603;
2011, 0.00869469797705;
2012, 0.00889479867288;
2013, 0.00914008339681;
2014, 0.0090819896464;
