1988, 0.00802339241683;
1989, 0.00822349311266;
1990, 0.00863660422664;
1991, 0.00887543408941;
1992, 0.00934018409264;
1993, 0.00970165631737;
1994, 0.0101728611818;
1995, 0.0105343334065;
1996, 0.0107344341023;
1997, 0.0106569757685;
1998, 0.0105924271569;
1999, 0.0107473438246;
2000, 0.0106117917404;
2001, 0.0107989827139;
2002, 0.0108828959089;
2003, 0.011050722299;
2004, 0.0113541007733;
2005, 0.0115412917468;
2006, 0.0119802223054;
2007, 0.0119479479996;
2008, 0.0118963091104;
2009, 0.0116122952195;
2010, 0.0115606563303;
2011, 0.0115864757749;
2012, 0.0114186493849;
2013, 0.0113089167452;
2014, 0.0109668091039;
