1988, 0.0226178334904;
1989, 0.0216560591782;
1990, 0.0205458230593;
1991, 0.0199455209718;
1992, 0.0191386633274;
1993, 0.0186351841572;
1994, 0.0176798647061;
1995, 0.0176605001226;
1996, 0.0171892952583;
1997, 0.0170472883128;
1998, 0.017015014007;
1999, 0.017015014007;
2000, 0.0171570209525;
2001, 0.0170989272021;
2002, 0.0171570209525;
2003, 0.0171182917855;
2004, 0.0177121390119;
2005, 0.017718593873;
2006, 0.0177960522069;
2007, 0.0177960522069;
2008, 0.0178218716515;
2009, 0.0178025070681;
2010, 0.0177766876234;
2011, 0.018170434154;
2012, 0.0182349827655;
2013, 0.0181639792928;
2014, 0.0180865209589;
