1988, 0.0054349930933;
1989, 0.0057577361511;
1990, 0.00593201740231;
1991, 0.00606756948658;
1992, 0.00631930907166;
1993, 0.00639031254438;
1994, 0.00652586462865;
1995, 0.00670660074102;
1996, 0.00661623268483;
1997, 0.00673242018564;
1998, 0.00713262157731;
1999, 0.00735208685661;
2000, 0.00776519797059;
2001, 0.00796529866643;
2002, 0.00799111811105;
2003, 0.00822349311266;
2004, 0.00819121880688;
2005, 0.00824285769613;
2006, 0.00835259033578;
2007, 0.00841068408619;
2008, 0.00828158686307;
2009, 0.0081589445011;
2010, 0.0082622222796;
2011, 0.00821703825151;
2012, 0.00819121880688;
2013, 0.00830095144653;
2014, 0.00840422922503;
