1988, 0.0136391216225;
1989, 0.014032868153;
1990, 0.0144588889893;
1991, 0.014362066072;
1992, 0.0140070487084;
1993, 0.0142200591265;
1994, 0.0140715973199;
1995, 0.0133551077316;
1996, 0.0129226320342;
1997, 0.0123158750855;
1998, 0.0119544028608;
1999, 0.0112508229948;
2000, 0.0107537986858;
2001, 0.0101986806264;
2002, 0.00989530215205;
2003, 0.00908844450756;
2004, 0.00897871186791;
2005, 0.00874633686629;
2006, 0.00903035075716;
2007, 0.00859787505971;
2008, 0.00822994797382;
2009, 0.00830095144653;
2010, 0.00861078478202;
2011, 0.009023895896;
2012, 0.00952092020501;
2013, 0.010017944514;
2014, 0.0104052361834;
