1988, 0.0094628264546;
1989, 0.00949510076038;
1990, 0.00939827784304;
1991, 0.00952092020501;
1992, 0.00941118756536;
1993, 0.00936600353726;
1994, 0.00911426395218;
1995, 0.00897225700675;
1996, 0.00881734033901;
1997, 0.00841713894734;
1998, 0.00828804172422;
1999, 0.00784265630446;
2000, 0.00730690282852;
2001, 0.00704870838228;
2002, 0.00705516324344;
2003, 0.00700352435419;
2004, 0.00737790630124;
2005, 0.00708098268806;
2006, 0.00700997921535;
2007, 0.0067388750468;
2008, 0.00662268754599;
2009, 0.00691315629801;
2010, 0.00687442713107;
2011, 0.00686797226992;
2012, 0.00667432643524;
2013, 0.00654522921212;
2014, 0.00658395837906;
