1988, 0.00808148616723;
1989, 0.00839131950272;
1990, 0.00874633686629;
1991, 0.00931436464802;
1992, 0.00964356256697;
1993, 0.0101922257652;
1994, 0.010598882018;
1995, 0.0106182466015;
1996, 0.0109990834097;
1997, 0.0111604549386;
1998, 0.0114573785518;
1999, 0.0117026632757;
2000, 0.0118446702211;
2001, 0.0120576806393;
2002, 0.0122448716128;
2003, 0.0123481493913;
2004, 0.0125998889764;
2005, 0.0129097223119;
2006, 0.0127354410607;
2007, 0.0131098230077;
2008, 0.0135100243994;
2009, 0.0136713959283;
2010, 0.0142781528769;
2011, 0.0150591910768;
2012, 0.0154916667742;
2013, 0.0160790591394;
2014, 0.0168213681724;
