1988, 0.000296923613173;
1989, 0.000335652780109;
1990, 0.000393746530512;
1991, 0.000426020836292;
1992, 0.000419565975136;
1993, 0.000451840280916;
1994, 0.000426020836292;
1995, 0.000516388892475;
1996, 0.000490569447851;
1997, 0.000522843753631;
1998, 0.000548663198255;
1999, 0.000555118059411;
2000, 0.000535753475943;
2001, 0.000535753475943;
2002, 0.000471204864383;
2003, 0.000484114586695;
2004, 0.000490569447851;
2005, 0.000484114586695;
2006, 0.000471204864383;
2007, 0.000477659725539;
2008, 0.000555118059411;
2009, 0.000568027781722;
2010, 0.000639031254438;
2011, 0.000626121532126;
2012, 0.00061966667097;
2013, 0.000722944449465;
2014, 0.000710034727153;
