1988, 0.0181897987374;
1989, 0.018422173739;
1990, 0.0184157188779;
1991, 0.0184544480448;
1992, 0.018919198048;
1993, 0.0193193994397;
1994, 0.0201004376396;
1995, 0.0212687675088;
1996, 0.021978802236;
1997, 0.0237667987762;
1998, 0.0256064342056;
1999, 0.0270781425492;
2000, 0.0281109203341;
2001, 0.0293696182595;
2002, 0.0304798543783;
2003, 0.0316804585533;
2004, 0.03216457314;
2005, 0.043712319748;
2006, 0.044622455171;
2007, 0.0443642607248;
2008, 0.0440221530835;
2009, 0.0435509482191;
2010, 0.0438930558604;
2011, 0.0442868023909;
2012, 0.044499812809;
2013, 0.0448161010057;
2014, 0.0450032919792;
