1988, 0.0264713856005;
1989, 0.0264391112947;
1990, 0.0259420869857;
1991, 0.0257161668453;
1992, 0.0247995765611;
1993, 0.0247027536438;
1994, 0.0247156633661;
1995, 0.0243283716967;
1996, 0.0241476355844;
1997, 0.023882986277;
1998, 0.0235731529415;
1999, 0.023385961968;
2000, 0.0230696737713;
2001, 0.023056764049;
2002, 0.0232181355779;
2003, 0.0235473334969;
2004, 0.0236570661365;
2005, 0.0239346251662;
2006, 0.0239862640555;
2007, 0.0239798091943;
2008, 0.0240701772505;
2009, 0.0241411807232;
2010, 0.0239088057216;
2011, 0.0238313473877;
2012, 0.0232245904391;
2013, 0.0227921147416;
2014, 0.022185357793;
