1988, 0.030383031461;
1989, 0.0301248370148;
1990, 0.0296988161785;
1991, 0.0295309897884;
1992, 0.0287047675604;
1993, 0.028356205058;
1994, 0.028065736306;
1995, 0.0278462710267;
1996, 0.0280528265837;
1997, 0.0280205522779;
1998, 0.028891958534;
1999, 0.0293954377041;
2000, 0.0300796529867;
2001, 0.030963968965;
2002, 0.0314545384129;
2003, 0.0322678509185;
2004, 0.0324679516144;
2005, 0.0333070835646;
2006, 0.0338041078736;
2007, 0.0340558474587;
2008, 0.0342559481546;
2009, 0.0347917016305;
2010, 0.0348562502421;
2011, 0.0352499967726;
2012, 0.0357405662204;
2013, 0.035889028027;
2014, 0.0362956842798;
