1988, 0.00545435767677;
1989, 0.00582873962381;
1990, 0.00606111462542;
1991, 0.00631930907166;
1992, 0.0063580382386;
1993, 0.00665496185177;
1994, 0.0069002465757;
1995, 0.00725526393927;
1996, 0.00732626741199;
1997, 0.00761673616401;
1998, 0.00788784033255;
1999, 0.00779747227637;
2000, 0.00784911116562;
2001, 0.00835904519694;
2002, 0.00883025006132;
2003, 0.00912717367449;
2004, 0.00939182298189;
2005, 0.00966292715044;
2006, 0.0100566736809;
2007, 0.0106247014627;
2008, 0.0109668091039;
2009, 0.0115671111914;
2010, 0.0123223299467;
2011, 0.0131162778689;
2012, 0.0136778507894;
2013, 0.0144201598224;
2014, 0.0147558126025;
