1988, 0.00795238894411;
1989, 0.00800402783336;
1990, 0.00795884380527;
1991, 0.00796529866643;
1992, 0.00756509727476;
1993, 0.00726171880043;
1994, 0.00735854171777;
1995, 0.00727462852274;
1996, 0.00668723615755;
1997, 0.00620957643201;
1998, 0.00573191670647;
1999, 0.00549954170486;
2000, 0.005215527814;
2001, 0.00507997572972;
2002, 0.00487987503389;
2003, 0.00461522572649;
2004, 0.0044086701695;
2005, 0.00419565975136;
2006, 0.0041311111398;
2007, 0.00431830211332;
2008, 0.00414402086211;
2009, 0.004511947948;
2010, 0.00461522572649;
2011, 0.00458295142071;
2012, 0.00484760072811;
2013, 0.00495733336776;
2014, 0.00480241670002;
