1988, 0.0120770452228;
1989, 0.0121803230013;
1990, 0.0118575799435;
1991, 0.0121803230013;
1992, 0.0130840035631;
1993, 0.0132647396754;
1994, 0.0133034688424;
1995, 0.0134390209267;
1996, 0.0138069480125;
1997, 0.013948954958;
1998, 0.0142458785712;
1999, 0.0144072501001;
2000, 0.0145879862124;
2001, 0.0145428021843;
2002, 0.0143427014885;
2003, 0.0145040730174;
2004, 0.0144717987116;
2005, 0.0144782535728;
2006, 0.0144330695447;
2007, 0.0144395244058;
2008, 0.014362066072;
2009, 0.0145169827397;
2010, 0.014736448019;
2011, 0.0148913646867;
2012, 0.0152399271892;
2013, 0.0155174862189;
2014, 0.0159176876105;
