1988, 0.000806857644492;
1989, 0.00082622222796;
1990, 0.000722944449465;
1991, 0.000684215282529;
1992, 0.000677760421373;
1993, 0.000645486115594;
1994, 0.000600302087502;
1995, 0.00061966667097;
1996, 0.00058739236519;
1997, 0.000613211809814;
1998, 0.00058739236519;
1999, 0.000606756948658;
2000, 0.000561572920566;
2001, 0.000639031254438;
2002, 0.000600302087502;
2003, 0.00058739236519;
2004, 0.000516388892475;
2005, 0.000535753475943;
2006, 0.000509934031319;
2007, 0.000484114586695;
2008, 0.000542208337099;
2009, 0.000542208337099;
2010, 0.000639031254438;
2011, 0.000684215282529;
2012, 0.000671305560217;
2013, 0.000626121532126;
2014, 0.000606756948658;
