1988, 0.0124385174475;
1989, 0.0125353403648;
1990, 0.0126579827268;
1991, 0.0126773473103;
1992, 0.0127935348111;
1993, 0.0126773473103;
1994, 0.0130194549515;
1995, 0.013329288287;
1996, 0.0135100243994;
1997, 0.0140393230142;
1998, 0.0144072501001;
1999, 0.0144911632951;
2000, 0.0149817327429;
2001, 0.015065645938;
2002, 0.0152528369115;
2003, 0.0157434063593;
2004, 0.0160080556667;
2005, 0.0161758820568;
2006, 0.0164921702534;
2007, 0.0161565174733;
2008, 0.0160855140006;
2009, 0.0160661494171;
2010, 0.0160403299725;
2011, 0.0161952466402;
2012, 0.0160338751113;
2013, 0.0161629723345;
2014, 0.0164598959476;
