1988, 0.0205587327817;
1989, 0.0204167258362;
1990, 0.0205910070874;
1991, 0.0208040175056;
1992, 0.020532913337;
1993, 0.0207071945882;
1994, 0.0207975626444;
1995, 0.0206491008378;
1996, 0.0210170279237;
1997, 0.0216366945947;
1998, 0.0215011425104;
1999, 0.0213914098708;
2000, 0.0206749202825;
2001, 0.0200875279173;
2002, 0.0190224758265;
2003, 0.0182414376267;
2004, 0.0172409341475;
2005, 0.0166277223377;
2006, 0.0161371528898;
2007, 0.015769225804;
2008, 0.0151560139941;
2009, 0.0146848091298;
2010, 0.0139812292638;
2011, 0.0136262119002;
2012, 0.0131356424523;
2013, 0.0124514271698;
2014, 0.0123739688359;
