1988, 0.000335652780109;
1989, 0.000271104168549;
1990, 0.000309833335485;
1991, 0.000335652780109;
1992, 0.000348562502421;
1993, 0.000367927085888;
1994, 0.000400201391668;
1995, 0.000484114586695;
1996, 0.000464750003227;
1997, 0.000458295142071;
1998, 0.000419565975136;
1999, 0.00041311111398;
2000, 0.000458295142071;
2001, 0.000516388892475;
2002, 0.00044538541976;
2003, 0.000438930558604;
2004, 0.000451840280916;
2005, 0.000535753475943;
2006, 0.00058739236519;
2007, 0.000471204864383;
2008, 0.000503479170163;
2009, 0.000393746530512;
2010, 0.000419565975136;
2011, 0.000503479170163;
2012, 0.00061966667097;
2013, 0.000561572920566;
2014, 0.000606756948658;
