1988, 0.0195001355521;
1989, 0.0194355869405;
1990, 0.0194936806909;
1991, 0.0193774931901;
1992, 0.0189966563819;
1993, 0.0186158195737;
1994, 0.0178993299854;
1995, 0.01775732304;
1996, 0.0177702327623;
1997, 0.0176992292896;
1998, 0.0176282258169;
1999, 0.0176540452615;
2000, 0.0178799654019;
2001, 0.0178735105408;
2002, 0.0178541459573;
2003, 0.0181381598482;
2004, 0.0188288299919;
2005, 0.019371038329;
2006, 0.0192677605505;
2007, 0.0206426459767;
2008, 0.0213978647319;
2009, 0.0222563612657;
2010, 0.0225855591846;
2011, 0.0224951911284;
2012, 0.0225984689069;
2013, 0.0227340209912;
2014, 0.022682382102;
