1988, 0.0170924723409;
1989, 0.0176411355392;
1990, 0.0178670556796;
1991, 0.0182866216548;
1992, 0.0186093647126;
1993, 0.01904184041;
1994, 0.0191515730497;
1995, 0.0190870244381;
1996, 0.0190547501323;
1997, 0.0193452188843;
1998, 0.019577593886;
1999, 0.0198422431933;
2000, 0.0196873265256;
2001, 0.0200100695834;
2002, 0.0205587327817;
2003, 0.0207007397271;
2004, 0.0209137501452;
2005, 0.0215915105666;
2006, 0.0218626147352;
2007, 0.0220110765417;
2008, 0.0225726494623;
2009, 0.0229018473813;
2010, 0.0232116807167;
2011, 0.0233149584952;
2012, 0.0233278682176;
2013, 0.0232697744672;
2014, 0.0253159654536;
