1988, 0.00267231251856;
1989, 0.00267876737971;
1990, 0.00277559029705;
1991, 0.00302732988213;
1992, 0.00315642710525;
1993, 0.0032661597449;
1994, 0.00324034030028;
1995, 0.00318224654988;
1996, 0.00346626044074;
1997, 0.00372445488698;
1998, 0.00405365280593;
1999, 0.00411174655633;
2000, 0.00397619447206;
2001, 0.00404074308362;
2002, 0.00423438891829;
2003, 0.00432475697448;
2004, 0.00423438891829;
2005, 0.0044538541976;
2006, 0.00455067711494;
2007, 0.00446030905875;
2008, 0.00449903822569;
2009, 0.00442157989182;
2010, 0.00462813544881;
2011, 0.00520907295284;
2012, 0.00555763545526;
2013, 0.00571900698416;
2014, 0.00597074656924;
