1988, 0.00730044796736;
1989, 0.00731981255083;
1990, 0.00741018060702;
1991, 0.00760382644169;
1992, 0.00794593408296;
1993, 0.00786202088793;
1994, 0.00798466324989;
1995, 0.00832031603;
1996, 0.00864951394895;
1997, 0.00867533339358;
1998, 0.00865596881011;
1999, 0.00882379520017;
2000, 0.00927563548108;
2001, 0.00954673964963;
2002, 0.0098436632628;
2003, 0.0100631285421;
2004, 0.0100566736809;
2005, 0.0101341320148;
2006, 0.0103342327107;
2007, 0.0107667084081;
2008, 0.0109474445205;
2009, 0.0113218264675;
2010, 0.0116252049418;
2011, 0.0118769445269;
2012, 0.0121738681401;
2013, 0.0124901563367;
2014, 0.0129742709234;
