1988, 0.0188030105472;
1989, 0.0183834445721;
1990, 0.0178928751243;
1991, 0.0172409341475;
1992, 0.0173183924814;
1993, 0.0171763855359;
1994, 0.0169504653955;
1995, 0.016434076503;
1996, 0.0162081563626;
1997, 0.0158402292767;
1998, 0.0157950452486;
1999, 0.0158466841378;
2000, 0.0159628716386;
2001, 0.0167761841443;
2002, 0.0175184931772;
2003, 0.01775732304;
2004, 0.017963878597;
2005, 0.0178347813739;
2006, 0.0176927744284;
2007, 0.016969829979;
2008, 0.0166148126154;
2009, 0.0163049792799;
2010, 0.0158725035824;
2011, 0.0154593924685;
2012, 0.0148913646867;
2013, 0.0147816320471;
2014, 0.0139360452357;
