1988, 0.00335652780109;
1989, 0.00355017363577;
1990, 0.003808368082;
1991, 0.00416338544558;
1992, 0.00448612850338;
1993, 0.00468622919921;
1994, 0.00499606253469;
1995, 0.00544144795445;
1996, 0.00560927434451;
1997, 0.0061966667097;
1998, 0.00655813893443;
1999, 0.00691961115916;
2000, 0.00695188546494;
2001, 0.00693252088148;
2002, 0.0069583403261;
2003, 0.0070164340765;
2004, 0.00710680213269;
2005, 0.00715198616078;
2006, 0.00704225352113;
2007, 0.00664205212946;
2008, 0.00644195143362;
2009, 0.00636449309975;
2010, 0.00639031254438;
2011, 0.00649359032287;
2012, 0.00653877435096;
2013, 0.0065194097675;
2014, 0.00660977782368;
