1988, 0.0188481945753;
1989, 0.0182930765159;
1990, 0.0183898994333;
1991, 0.0182220730432;
1992, 0.0177444133177;
1993, 0.0182608022101;
1994, 0.0189772917985;
1995, 0.0193581286067;
1996, 0.0197647848595;
1997, 0.019829333471;
1998, 0.0197066911091;
1999, 0.0199584306942;
2000, 0.0203134480577;
2001, 0.0200100695834;
2002, 0.0195969584694;
2003, 0.01904184041;
2004, 0.0185577258233;
2005, 0.0181381598482;
2006, 0.0176217709557;
2007, 0.016931100812;
2008, 0.0162597952518;
2009, 0.015769225804;
2010, 0.014736448019;
2011, 0.0143168820439;
2012, 0.0140651424588;
2013, 0.0138456771795;
2014, 0.0133744723151;
