1988, 0.00111023611882;
1989, 0.00118123959154;
1990, 0.00118769445269;
1991, 0.00123933334194;
1992, 0.00134261112043;
1993, 0.0015814409832;
1994, 0.00163953473361;
1995, 0.00170408334517;
1996, 0.00170408334517;
1997, 0.00178154167904;
1998, 0.00183318056829;
1999, 0.00183318056829;
2000, 0.00194936806909;
2001, 0.00205264584759;
2002, 0.00214301390377;
2003, 0.0022269270988;
2004, 0.00254321529544;
2005, 0.00273040626896;
2006, 0.00290468752017;
2007, 0.00314351738294;
2008, 0.00335007293993;
2009, 0.00351144446883;
2010, 0.00375672919276;
2011, 0.00379545835969;
2012, 0.00384064238778;
2013, 0.00398910419437;
2014, 0.00420211461251;
