1988, 0.0155045764966;
1989, 0.0153367501065;
1990, 0.015730496637;
1991, 0.0159628716386;
1992, 0.0161887917791;
1993, 0.0164534410865;
1994, 0.0221078994591;
1995, 0.0226113786292;
1996, 0.0230373994655;
1997, 0.0231277675217;
1998, 0.0321193891119;
1999, 0.031912833555;
2000, 0.0313189863286;
2001, 0.0308413266031;
2002, 0.0304088509056;
2003, 0.0294277120099;
2004, 0.0282400175572;
2005, 0.0268780418533;
2006, 0.0250384064239;
2007, 0.0236957953034;
2008, 0.0224177327946;
2009, 0.0212623126477;
2010, 0.020074618195;
2011, 0.019371038329;
2012, 0.0181962535986;
2013, 0.0174345799822;
2014, 0.0170085591459;
