1988, 0.0138908612076;
1989, 0.0133163785647;
1990, 0.0132260105085;
1991, 0.0132389202308;
1992, 0.0130775487019;
1993, 0.0131808264804;
1994, 0.013329288287;
1995, 0.013826312596;
1996, 0.0136133021779;
1997, 0.0136133021779;
1998, 0.013658486206;
1999, 0.0138456771795;
2000, 0.0138198577349;
2001, 0.0138004931514;
2002, 0.0135745730109;
2003, 0.0132711945366;
2004, 0.0132324653697;
2005, 0.0130194549515;
2006, 0.0130969132854;
2007, 0.0129290868953;
2008, 0.0129484514788;
2009, 0.0133163785647;
2010, 0.0132970139812;
2011, 0.013161461897;
2012, 0.0129936355069;
2013, 0.0130452743961;
2014, 0.0130904584242;
