1988, 0.0134971146771;
1989, 0.0135874827332;
1990, 0.0133357431482;
1991, 0.0131098230077;
1992, 0.0124707917533;
1993, 0.0123223299467;
1994, 0.0121932327236;
1995, 0.0117736667484;
1996, 0.0115025625799;
1997, 0.0112701875783;
1998, 0.011134635494;
1999, 0.0113218264675;
2000, 0.0113347361898;
2001, 0.0114831979964;
2002, 0.0117607570261;
2003, 0.0118317604988;
2004, 0.0120383160558;
2005, 0.0125288855037;
2006, 0.0127677153664;
2007, 0.0138779514853;
2008, 0.0147429028802;
2009, 0.0199971598611;
2010, 0.0206813751436;
2011, 0.0209008404229;
2012, 0.0213462258427;
2013, 0.0215979654278;
2014, 0.0216108751501;
