1988, 0.0253998786486;
1989, 0.0254644272602;
1990, 0.0259485418469;
1991, 0.0265940279625;
1992, 0.0271233265772;
1993, 0.0278010869986;
1994, 0.0280140974168;
1995, 0.0284336633919;
1996, 0.0289823265902;
1997, 0.0291114238133;
1998, 0.0291436981191;
1999, 0.029266340481;
2000, 0.0291888821471;
2001, 0.0290662397852;
2002, 0.028975871729;
2003, 0.0287434967274;
2004, 0.0287757710332;
2005, 0.0276332606086;
2006, 0.0268328578252;
2007, 0.0260647293477;
2008, 0.0252126876751;
2009, 0.0238119828042;
2010, 0.0228372987697;
2011, 0.0215850557055;
2012, 0.02032635778;
2013, 0.0194872258298;
2014, 0.0192032119389;
