1988, 0.0267941286583;
1989, 0.0270781425492;
1990, 0.026987774493;
1991, 0.0272330592169;
1992, 0.0275364376912;
1993, 0.0281819238068;
1994, 0.02864667381;
1995, 0.0291695175637;
1996, 0.029886007152;
1997, 0.0318482849434;
1998, 0.033900930791;
1999, 0.0362117710848;
2000, 0.0380449516531;
2001, 0.0395618440247;
2002, 0.0413692051484;
2003, 0.0430022850208;
2004, 0.0442609829463;
2005, 0.0509482191038;
2006, 0.0520907295284;
2007, 0.0517163475814;
2008, 0.0518970836937;
2009, 0.0516711635533;
2010, 0.0520842746673;
2011, 0.0526587573101;
2012, 0.0530395941183;
2013, 0.0536011670389;
2014, 0.0542595628768;
