1988, 0.0452614864254;
1989, 0.0444352641975;
1990, 0.042305160016;
1991, 0.0401621461122;
1992, 0.0383547849886;
1993, 0.0370638127574;
1994, 0.0348368856586;
1995, 0.0336233717613;
1996, 0.0318676495269;
1997, 0.0308348717419;
1998, 0.0306928647965;
1999, 0.0297504550677;
2000, 0.0293954377041;
2001, 0.0286660383935;
2002, 0.0283239307522;
2003, 0.0270845974103;
2004, 0.0257032571229;
2005, 0.0252707814255;
2006, 0.0249932223958;
2007, 0.0243348265579;
2008, 0.0243671008637;
2009, 0.0246898439215;
2010, 0.0244058300306;
2011, 0.0243993751694;
2012, 0.0247931217;
2013, 0.0253288751759;
2014, 0.0253998786486;
