1988, 0.0073391771343;
1989, 0.00719717018887;
1990, 0.0170795626186;
1991, 0.0169827397013;
1992, 0.017221569564;
1993, 0.0169827397013;
1994, 0.0174539445657;
1995, 0.0175830417888;
1996, 0.0174603994268;
1997, 0.017634680678;
1998, 0.0174539445657;
1999, 0.0175636772053;
2000, 0.017841236235;
2001, 0.0179122397077;
2002, 0.0174152153987;
2003, 0.0173248473425;
2004, 0.0171763855359;
2005, 0.0171118369244;
2006, 0.0171570209525;
2007, 0.0171247466467;
2008, 0.01664063206;
2009, 0.0166470869212;
2010, 0.016434076503;
2011, 0.0162597952518;
2012, 0.0162339758072;
2013, 0.0159435070552;
2014, 0.0155433056635;
