1988, 0.010017944514;
1989, 0.0101922257652;
1990, 0.0102696840991;
1991, 0.0101534965983;
1992, 0.0102825938214;
1993, 0.0103019584049;
1994, 0.0105278785453;
1995, 0.0107860729916;
1996, 0.011218548689;
1997, 0.0118253056377;
1998, 0.012335239669;
1999, 0.0130904584242;
2000, 0.0137811285679;
2001, 0.014445979267;
2002, 0.0150010973264;
2003, 0.0157240417759;
2004, 0.0164276216419;
2005, 0.0175894966499;
2006, 0.0181575244316;
2007, 0.0193387640232;
2008, 0.0207717431998;
2009, 0.0214236841766;
2010, 0.0223596390442;
2011, 0.0233214133564;
2012, 0.0239862640555;
2013, 0.0245413821149;
2014, 0.0249996772569;
