1988, 0.00331779863415;
1989, 0.00365990627542;
1990, 0.0101083125702;
1991, 0.0104891493784;
1992, 0.0107537986858;
1993, 0.0112379132725;
1994, 0.0114509236906;
1995, 0.0114573785518;
1996, 0.0117736667484;
1997, 0.0115929306361;
1998, 0.0114767431353;
1999, 0.0115025625799;
2000, 0.011754302165;
2001, 0.0118640348046;
2002, 0.0118575799435;
2003, 0.0119414931385;
2004, 0.0119027639715;
2005, 0.0118833993881;
2006, 0.0116897535534;
2007, 0.0116445695253;
2008, 0.0114380139683;
2009, 0.0111669097998;
2010, 0.0107796181304;
2011, 0.0107021597965;
2012, 0.0104568750726;
2013, 0.0101083125702;
2014, 0.00977911465124;
