1988, 0.00270458682434;
1989, 0.00271749654665;
1990, 0.00262067362931;
1991, 0.00273040626896;
1992, 0.00292405210364;
1993, 0.00297569099289;
1994, 0.00311124307716;
1995, 0.0031499722441;
1996, 0.00307251391023;
1997, 0.00313060766063;
1998, 0.00322743057797;
1999, 0.00322743057797;
2000, 0.003311343773;
2001, 0.00338880210687;
2002, 0.00322097571681;
2003, 0.00304023960445;
2004, 0.00309187849369;
2005, 0.00311124307716;
2006, 0.00325325002259;
2007, 0.00345335071843;
2008, 0.00345335071843;
2009, 0.00364054169195;
2010, 0.00384709724894;
2011, 0.00392455558281;
2012, 0.00400201391668;
2013, 0.00408592711171;
2014, 0.00429893752985;
