1988, 0.0162533403906;
1989, 0.0168536424782;
1990, 0.0173119376202;
1991, 0.0177895973458;
1992, 0.0183963542944;
1993, 0.0187965556861;
1994, 0.0187901008249;
1995, 0.0191128438827;
1996, 0.0193839480513;
1997, 0.0194743161075;
1998, 0.0192742154116;
1999, 0.0194420418017;
2000, 0.0195517744413;
2001, 0.0199326112495;
2002, 0.0203005383354;
2003, 0.0288338647836;
2004, 0.0294664411769;
2005, 0.0294470765934;
2006, 0.0298795522908;
2007, 0.0299957397916;
2008, 0.0301571113205;
2009, 0.0303572120164;
2010, 0.030260389099;
2011, 0.0299053717355;
2012, 0.0299957397916;
2013, 0.0296471772892;
2014, 0.0285369411704;
