1988, 0.140651424588;
1989, 0.142523334323;
1990, 0.144220962807;
1991, 0.147396754496;
1992, 0.15048863299;
1993, 0.154923122604;
1994, 0.15769225804;
1995, 0.160493667781;
1996, 0.161745910845;
1997, 0.162281664321;
1998, 0.161726546262;
1999, 0.159719084442;
2000, 0.160061192084;
2001, 0.183556886691;
2002, 0.188727230477;
2003, 0.193000348563;
2004, 0.200307251391;
2005, 0.207078400744;
2006, 0.214004466764;
2007, 0.222124682098;
2008, 0.230348175211;
2009, 0.238674946102;
2010, 0.247137269077;
2011, 0.253508217038;
2012, 0.258549463601;
2013, 0.263932817805;
2014, 0.267838008804;
