1988, 0.00698415977072;
1989, 0.00673242018564;
1990, 0.00654522921212;
1991, 0.00635158337744;
1992, 0.00628703476588;
1993, 0.00611275351467;
1994, 0.00611920837583;
1995, 0.00635158337744;
1996, 0.00645486115594;
1997, 0.00655168407328;
1998, 0.00659041324021;
1999, 0.00660332296252;
2000, 0.0069583403261;
2001, 0.00721653477234;
2002, 0.00705516324344;
2003, 0.00731981255083;
2004, 0.00772646880366;
2005, 0.00790720491602;
2006, 0.00808148616723;
2007, 0.00855914589277;
2008, 0.00908844450756;
2009, 0.00939182298189;
2010, 0.00971456603968;
2011, 0.00990175701321;
2012, 0.0100760382644;
2013, 0.0102696840991;
2014, 0.0103858715999;
