1988, 0.0447709169776;
1989, 0.0458811530964;
1990, 0.0464362711558;
1991, 0.0463781774054;
1992, 0.0461264378203;
1993, 0.0456552329559;
1994, 0.0450807503131;
1995, 0.0446934586437;
1996, 0.0446160003098;
1997, 0.0444288093363;
1998, 0.0446030905875;
1999, 0.0441383405843;
2000, 0.0446289100321;
2001, 0.0448935593395;
2002, 0.0452356669808;
2003, 0.0467783787971;
2004, 0.0482500871406;
2005, 0.0506577503518;
2006, 0.0522714656408;
2007, 0.0558539135823;
2008, 0.0594750906908;
2009, 0.0627089761299;
2010, 0.0658137643459;
2011, 0.0681568789455;
2012, 0.0709324692426;
2013, 0.0731981255083;
2014, 0.0754637817741;
