1988, 0.000258194446237;
1989, 0.000309833335485;
1990, 0.000303378474329;
1991, 0.000258194446237;
1992, 0.000316288196641;
1993, 0.000367927085888;
1994, 0.000355017363577;
1995, 0.000451840280916;
1996, 0.000438930558604;
1997, 0.000477659725539;
1998, 0.000464750003227;
1999, 0.000503479170163;
2000, 0.000529298614787;
2001, 0.000542208337099;
2002, 0.000542208337099;
2003, 0.000593847226346;
2004, 0.000568027781722;
2005, 0.000580937504034;
2006, 0.000580937504034;
2007, 0.00061966667097;
2008, 0.000664850699061;
2009, 0.000645486115594;
2010, 0.000677760421373;
2011, 0.000845586811428;
2012, 0.000852041672584;
2013, 0.000903680561831;
2014, 0.00107796181304;
