1988, 0.0139683195414;
1989, 0.0133357431482;
1990, 0.0129678160623;
1991, 0.012419152864;
1992, 0.011960857722;
1993, 0.0117865764707;
1994, 0.0116897535534;
1995, 0.0113670104956;
1996, 0.0110636320213;
1997, 0.0107667084081;
1998, 0.010598882018;
1999, 0.0101728611818;
2000, 0.00988884729089;
2001, 0.0224693716838;
2002, 0.0232052258556;
2003, 0.0230051251598;
2004, 0.0230890383548;
2005, 0.0236506112754;
2006, 0.0237345244704;
2007, 0.0234763300241;
2008, 0.0237345244704;
2009, 0.0234182362737;
2010, 0.0237538890538;
2011, 0.0238184376654;
2012, 0.0236506112754;
2013, 0.0234634203018;
2014, 0.0232697744672;
