1988, 0.00502833684047;
1989, 0.00500251739585;
1990, 0.00497024309007;
1991, 0.00513806948013;
1992, 0.0054349930933;
1993, 0.0054930868437;
1994, 0.00568673267838;
1995, 0.00574482642878;
1996, 0.00599656601387;
1997, 0.00624830559895;
1998, 0.00661623268483;
1999, 0.00693897574263;
2000, 0.00730044796736;
2001, 0.00769419449788;
2002, 0.0081008507507;
2003, 0.00872697228283;
2004, 0.00924981603646;
2005, 0.00937891325958;
2006, 0.00964356256697;
2007, 0.00977265979009;
2008, 0.00996630562477;
2009, 0.0101728611818;
2010, 0.0102503195156;
2011, 0.0103277778495;
2012, 0.0103923264611;
2013, 0.0103213229883;
2014, 0.0105730625734;
