1988, 0.0101986806264;
1989, 0.0105924271569;
1990, 0.0110442674378;
1991, 0.0110829966047;
1992, 0.0113992848014;
1993, 0.0113282813287;
1994, 0.0112314584113;
1995, 0.0108183472973;
1996, 0.00998567020823;
1997, 0.00957255909425;
1998, 0.00948864589923;
1999, 0.00910135422987;
2000, 0.0089658021456;
2001, 0.00860432992086;
2002, 0.00778456255406;
2003, 0.00727462852274;
2004, 0.00700997921535;
2005, 0.00741018060702;
2006, 0.00751345838551;
2007, 0.00755218755245;
2008, 0.00772646880366;
2009, 0.00777165283175;
2010, 0.00762319102516;
2011, 0.00747472921857;
2012, 0.00786202088793;
2013, 0.00808148616723;
2014, 0.00817830908457;
