1988, 0.0204038161139;
1989, 0.0215140522327;
1990, 0.0226049237681;
1991, 0.0236312466919;
1992, 0.0240443578059;
1993, 0.024547836976;
1994, 0.0246382050322;
1995, 0.0248834897561;
1996, 0.0251158647577;
1997, 0.0248189411446;
1998, 0.0246382050322;
1999, 0.0248705800338;
2000, 0.0246575696157;
2001, 0.0249157640619;
2002, 0.0251029550354;
2003, 0.0253030557313;
2004, 0.0260647293477;
2005, 0.0263939272666;
2006, 0.0266456668517;
2007, 0.0266069376848;
2008, 0.0265165696286;
2009, 0.0265101147674;
2010, 0.0267747640748;
2011, 0.0265423890732;
2012, 0.02624546546;
2013, 0.0261292779592;
2014, 0.0257290765676;
