1988, 0.0302281147933;
1989, 0.0299828300693;
1990, 0.0299505557635;
1991, 0.0301248370148;
1992, 0.0299053717355;
1993, 0.0297956390958;
1994, 0.0303120279883;
1995, 0.0302410245156;
1996, 0.0304733995172;
1997, 0.030176475904;
1998, 0.0301312918759;
1999, 0.0302732988213;
2000, 0.0304798543783;
2001, 0.030383031461;
2002, 0.0306605904907;
2003, 0.0300151043751;
2004, 0.0294664411769;
2005, 0.0279882779721;
2006, 0.0270200487988;
2007, 0.0261099133758;
2008, 0.0252320522586;
2009, 0.0241540904455;
2010, 0.0229663959928;
2011, 0.0218497050128;
2012, 0.0203715418081;
2013, 0.0197647848595;
2014, 0.0192806702728;
