1988, 0.0181962535986;
1989, 0.0180865209589;
1990, 0.0184092640167;
1991, 0.0186997327687;
1992, 0.0190676598546;
1993, 0.018835284853;
1994, 0.0194033126347;
1995, 0.0200100695834;
1996, 0.0205974619486;
1997, 0.0215205070939;
1998, 0.0214365938989;
1999, 0.0217787015401;
2000, 0.0216237848724;
2001, 0.0218367952905;
2002, 0.0217980661236;
2003, 0.0223080001549;
2004, 0.0224951911284;
2005, 0.0220239862641;
2006, 0.0221078994591;
2007, 0.022353184183;
2008, 0.0223725487665;
2009, 0.0219142536244;
2010, 0.022146628626;
2011, 0.0217528820955;
2012, 0.0215205070939;
2013, 0.0211332154245;
2014, 0.0205458230593;
