1988, 0.0263874724055;
1989, 0.0275880765805;
1990, 0.0290662397852;
1991, 0.030383031461;
1992, 0.0321710280012;
1993, 0.0333845418985;
1994, 0.0356372884419;
1995, 0.0375414724829;
1996, 0.0395489343024;
1997, 0.0446030905875;
1998, 0.0493990524264;
1999, 0.0533300628703;
2000, 0.0565768580318;
2001, 0.058532680962;
2002, 0.0612049934806;
2003, 0.0637675733595;
2004, 0.0655232955939;
2005, 0.0667303546301;
2006, 0.0682343372794;
2007, 0.066188146293;
2008, 0.0652973754535;
2009, 0.0641419553065;
2010, 0.0630704483547;
2011, 0.0618892087631;
2012, 0.0610500768128;
2013, 0.0605014136146;
2014, 0.0593782677735;
