1988, 0.0334232710654;
1989, 0.0348239759363;
1990, 0.0355791946915;
1991, 0.0366248821988;
1992, 0.0373671912317;
1993, 0.0379933127638;
1994, 0.0387356217968;
1995, 0.0391422780496;
1996, 0.0395812086082;
1997, 0.0435961322472;
1998, 0.0428538232143;
1999, 0.0421954273764;
2000, 0.0427053614077;
2001, 0.043092653077;
2002, 0.0430861982159;
2003, 0.0431959308555;
2004, 0.0434412155795;
2005, 0.0431184725217;
2006, 0.0436542259976;
2007, 0.0435380384968;
2008, 0.044041517667;
2009, 0.0441706148901;
2010, 0.044622455171;
2011, 0.0446805489214;
2012, 0.0445901808652;
2013, 0.0444610836421;
2014, 0.0437639586372;
