1988, 0.00516388892475;
1989, 0.00541562850983;
1990, 0.00542853823214;
1991, 0.00557054517757;
1992, 0.00555763545526;
1993, 0.00558345489989;
1994, 0.00570609726185;
1995, 0.00582228476265;
1996, 0.005712552123;
1997, 0.00622248615432;
1998, 0.00634512851629;
1999, 0.00648713546172;
2000, 0.00675178476911;
2001, 0.00688088199223;
2002, 0.007119711855;
2003, 0.00719717018887;
2004, 0.00706161810459;
2005, 0.00691961115916;
2006, 0.00684215282529;
2007, 0.00662914240715;
2008, 0.0067388750468;
2009, 0.00662914240715;
2010, 0.00650004518403;
2011, 0.00666787157408;
2012, 0.00675178476911;
2013, 0.00674532990795;
2014, 0.00680987851951;
