1988, 0.00286595835324;
1989, 0.00327261460606;
1990, 0.00349853474652;
1991, 0.00393101044397;
1992, 0.00417629516789;
1993, 0.00465395489343;
1994, 0.00506706600741;
1995, 0.00518970836937;
1996, 0.00557700003873;
1997, 0.00606111462542;
1998, 0.00608693407005;
1999, 0.00636449309975;
2000, 0.00697125004841;
2001, 0.00757155213591;
2002, 0.00808794102839;
2003, 0.00876570144976;
2004, 0.00934018409264;
2005, 0.00999212506939;
2006, 0.010347142433;
2007, 0.0107279792412;
2008, 0.0113541007733;
2009, 0.0118963091104;
2010, 0.0126708924491;
2011, 0.0132905591201;
2012, 0.0139683195414;
2013, 0.0143943403777;
2014, 0.0148139063529;
