1988, 0.0512515975781;
1989, 0.0500509934031;
1990, 0.0511741392443;
1991, 0.0508836704922;
1992, 0.0509934031319;
1993, 0.0511031357715;
1994, 0.0519422677218;
1995, 0.0523037399466;
1996, 0.0526071184209;
1997, 0.0525361149482;
1998, 0.0527491253663;
1999, 0.0537754482901;
2000, 0.0538916357909;
2001, 0.0574676288713;
2002, 0.0581453892927;
2003, 0.0596170976362;
2004, 0.0601076670841;
2005, 0.0599592052775;
2006, 0.0596170976362;
2007, 0.059978569861;
2008, 0.0599140212494;
2009, 0.0590103406876;
2010, 0.0584552226282;
2011, 0.0575192677606;
2012, 0.0564929448368;
2013, 0.0547759517693;
2014, 0.0532913337034;
