1991, 0.0014652534824;
1992, 0.00165889931708;
1993, 0.00185254515175;
1994, 0.00189127431869;
1995, 0.00194291320794;
1996, 0.00210428473684;
1997, 0.0020655555699;
1998, 0.00214301390377;
1999, 0.00204619098643;
2000, 0.00207201043106;
2001, 0.00214301390377;
2002, 0.00214301390377;
2003, 0.00231084029383;
2004, 0.00247221182272;
2005, 0.00263358335162;
2006, 0.00273040626896;
2007, 0.00278204515821;
2008, 0.00287886807555;
2009, 0.00307251391023;
2010, 0.00318870141103;
2011, 0.0033694375234;
2012, 0.00348562502421;
2013, 0.00372445488698;
2014, 0.00389873613819;
