1990, 0.00884315978363;
1991, 0.00878506603323;
1992, 0.00867533339358;
1993, 0.00861723964318;
1994, 0.00841713894734;
1995, 0.00835904519694;
1996, 0.00837840978041;
1997, 0.00849459728121;
1998, 0.00835904519694;
1999, 0.00832677089116;
2000, 0.00847523269774;
2001, 0.00828158686307;
2002, 0.00831386116885;
2003, 0.0084235938085;
2004, 0.00875279172745;
2005, 0.00901744103484;
2006, 0.0091852674249;
2007, 0.00977265979009;
2008, 0.0103277778495;
2009, 0.0109926285486;
2010, 0.0112379132725;
2011, 0.0113605556344;
2012, 0.0116122952195;
2013, 0.011715572998;
2014, 0.0115412917468;
