1988, 0.0162146112237;
1989, 0.0163695278915;
1990, 0.016517989698;
1991, 0.0167955487277;
1992, 0.0172086598417;
1993, 0.017260298731;
1994, 0.0179832431804;
1995, 0.0181252501259;
1996, 0.0183511702663;
1997, 0.0186545487407;
1998, 0.0185577258233;
1999, 0.0184544480448;
2000, 0.0186029098514;
2001, 0.0185577258233;
2002, 0.018254347349;
2003, 0.0181897987374;
2004, 0.0177250487342;
2005, 0.0256064342056;
2006, 0.0251416842024;
2007, 0.0243671008637;
2008, 0.0232504098837;
2009, 0.0223725487665;
2010, 0.0213139515369;
2011, 0.0203779966693;
2012, 0.0193516737455;
2013, 0.0182930765159;
2014, 0.0179832431804;
