1988, 0.00280786460283;
1989, 0.00294987154826;
1990, 0.00298214585404;
1991, 0.00316288196641;
1992, 0.00318224654988;
1993, 0.00330488891184;
1994, 0.003311343773;
1995, 0.00323388543912;
1996, 0.00327906946722;
1997, 0.00331779863415;
1998, 0.0033694375234;
1999, 0.00330488891184;
2000, 0.00335652780109;
2001, 0.00342107641265;
2002, 0.00352435419114;
2003, 0.00357599308039;
2004, 0.00367281599773;
2005, 0.00376963891507;
2006, 0.00386000697125;
2007, 0.00402137850015;
2008, 0.00422147919598;
2009, 0.00458940628187;
2010, 0.0047895069777;
2011, 0.00499606253469;
2012, 0.00531235073134;
2013, 0.00562863892798;
2014, 0.00591910767999;
