1988, 0.060146396251;
1989, 0.0593653580511;
1990, 0.0585843198513;
1991, 0.0572158892862;
1992, 0.0563251184467;
1993, 0.0557893649708;
1994, 0.0548275906585;
1995, 0.0544080246834;
1996, 0.0538206323182;
1997, 0.053646351067;
1998, 0.0539432746802;
1999, 0.0533106982869;
2000, 0.0532138753695;
2001, 0.0565574934483;
2002, 0.057248163592;
2003, 0.0576031809556;
2004, 0.0575967260944;
2005, 0.057661274706;
2006, 0.0570351531739;
2007, 0.0560927434451;
2008, 0.0559055524716;
2009, 0.0569383302565;
2010, 0.0572287990085;
2011, 0.057454719149;
2012, 0.0579259240134;
2013, 0.058448767767;
2014, 0.0581066601257;
