1988, 0.0139683195414;
1989, 0.0147558126025;
1990, 0.0154981216354;
1991, 0.015814409832;
1992, 0.0159241424717;
1993, 0.0166277223377;
1994, 0.0168020035889;
1995, 0.0168988265062;
1996, 0.0170795626186;
1997, 0.0166535417823;
1998, 0.0165308994204;
1999, 0.016227520946;
2000, 0.0165631737261;
2001, 0.01664063206;
2002, 0.0168988265062;
2003, 0.0167568195608;
2004, 0.0169440105343;
2005, 0.0172086598417;
2006, 0.0175249480384;
2007, 0.0178283265127;
2008, 0.0176088612334;
2009, 0.0178799654019;
2010, 0.018047791792;
2011, 0.0181575244316;
2012, 0.0178089619292;
2013, 0.01792514943;
2014, 0.0174345799822;
