1988, 0.00386000697125;
1989, 0.00409238197286;
1990, 0.00469268406037;
1991, 0.00526716670324;
1992, 0.00593847226346;
1993, 0.00657104865674;
1994, 0.00721007991118;
1995, 0.00757155213591;
1996, 0.00817830908457;
1997, 0.00868178825473;
1998, 0.00901744103484;
1999, 0.00964356256697;
2000, 0.00992112159667;
2001, 0.010514968823;
2002, 0.0109151702147;
2003, 0.011257277856;
2004, 0.0112701875783;
2005, 0.0114315591072;
2006, 0.0118123959154;
2007, 0.0119931320277;
2008, 0.0121996875847;
2009, 0.0123868785582;
2010, 0.0125159757814;
2011, 0.0128774480061;
2012, 0.0131808264804;
2013, 0.0133744723151;
2014, 0.0136391216225;
