1988, 0.00889479867288;
1989, 0.00881088547785;
1990, 0.00897225700675;
1991, 0.00915299311912;
1992, 0.00924981603646;
1993, 0.00912071881334;
1994, 0.00913362853565;
1995, 0.00910780909103;
1996, 0.00935309381495;
1997, 0.00959192367772;
1998, 0.00954028478847;
1999, 0.0092433611753;
2000, 0.00901744103484;
2001, 0.00857205561508;
2002, 0.00817185422342;
2003, 0.00808148616723;
2004, 0.00785556602677;
2005, 0.00764901046978;
2006, 0.00711325699384;
2007, 0.00676469449142;
2008, 0.00639031254438;
2009, 0.0058739236519;
2010, 0.00541562850983;
2011, 0.00515743406359;
2012, 0.00468622919921;
2013, 0.00444739933644;
2014, 0.00442803475297;
