1988, 0.0179767883193;
1989, 0.0182672570713;
1990, 0.0187901008249;
1991, 0.0192677605505;
1992, 0.0199132466661;
1993, 0.0205845522263;
1994, 0.0212300383419;
1995, 0.0221014445979;
1996, 0.0225661946012;
1997, 0.0223725487665;
1998, 0.0226694723796;
1999, 0.0230890383548;
2000, 0.0231342223829;
2001, 0.0236183369696;
2002, 0.0247221182272;
2003, 0.0245220175314;
2004, 0.0247414828107;
2005, 0.025374059204;
2006, 0.0252449619809;
2007, 0.024838305728;
2008, 0.0245801112818;
2009, 0.024134725862;
2010, 0.0234763300241;
2011, 0.023140677244;
2012, 0.0221982675153;
2013, 0.02127522237;
2014, 0.0205458230593;
