1992, 0.000438930558604;
1993, 0.000464750003227;
1994, 0.000438930558604;
1995, 0.000464750003227;
1996, 0.000419565975136;
1997, 0.000387291669356;
1998, 0.000406656252824;
1999, 0.000438930558604;
2000, 0.000361472224732;
2001, 0.000374381947044;
2002, 0.000426020836292;
2003, 0.000432475697448;
2004, 0.000361472224732;
2005, 0.000432475697448;
2006, 0.000458295142071;
2007, 0.000477659725539;
2008, 0.000451840280916;
2009, 0.000484114586695;
2010, 0.000471204864383;
2011, 0.000516388892475;
2012, 0.000561572920566;
2013, 0.000606756948658;
2014, 0.000561572920566;
