1988, 0.0142910625992;
1989, 0.0139554098191;
1990, 0.0138844063464;
1991, 0.0143039723216;
1992, 0.0144524341281;
1993, 0.014323336905;
1994, 0.0145040730174;
1995, 0.0147558126025;
1996, 0.0149300938537;
1997, 0.0150398264933;
1998, 0.0147880869083;
1999, 0.0151366494107;
2000, 0.015317385523;
2001, 0.0151366494107;
2002, 0.0153625695511;
2003, 0.0154271181627;
2004, 0.01535611469;
2005, 0.0142329688488;
2006, 0.0136003924556;
2007, 0.0130194549515;
2008, 0.0122642361963;
2009, 0.0119092188327;
2010, 0.0114380139683;
2011, 0.0110571771601;
2012, 0.0103665070164;
2013, 0.00987593756858;
2014, 0.00935954867611;
