1988, 0.0163630730303;
1989, 0.01664063206;
1990, 0.0171634758136;
1991, 0.0171634758136;
1992, 0.0174345799822;
1993, 0.0175765869276;
1994, 0.0173248473425;
1995, 0.0170924723409;
1996, 0.0171118369244;
1997, 0.0161629723345;
1998, 0.0157175869147;
1999, 0.0156659480255;
2000, 0.0157175869147;
2001, 0.015730496637;
2002, 0.0163049792799;
2003, 0.016434076503;
2004, 0.0170795626186;
2005, 0.0176669549838;
2006, 0.0184028091556;
2007, 0.0188933786034;
2008, 0.0190160209654;
2009, 0.0191773924943;
2010, 0.0191322084662;
2011, 0.0191838473554;
2012, 0.0190160209654;
2013, 0.0186739133241;
2014, 0.0183898994333;
