1988, 0.0281690140845;
1989, 0.0262390105989;
1990, 0.0271104168549;
1991, 0.0270200487988;
1992, 0.0246317501711;
1993, 0.0230309446044;
1994, 0.0224887362673;
1995, 0.0225855591846;
1996, 0.0223983682111;
1997, 0.0232310453002;
1998, 0.0243154619744;
1999, 0.0247931217;
2000, 0.0248705800338;
2001, 0.0243348265579;
2002, 0.0244122848918;
2003, 0.0246833890603;
2004, 0.0245672015595;
2005, 0.0250900453131;
2006, 0.0251997779528;
2007, 0.0246317501711;
2008, 0.0253095105924;
2009, 0.0260130904584;
2010, 0.0261680071262;
2011, 0.0264262015724;
2012, 0.0266133925459;
2013, 0.0269942293541;
2014, 0.0287112224216;
