1988, 0.200055511806;
1989, 0.201953240986;
1990, 0.206019803514;
1991, 0.2119711855;
1992, 0.213384800093;
1993, 0.216341126502;
1994, 0.212932959812;
1995, 0.207794890332;
1996, 0.200107150695;
1997, 0.211241786189;
1998, 0.209498973677;
1999, 0.21386891468;
2000, 0.210873859103;
2001, 0.207994991028;
2002, 0.207388234079;
2003, 0.20476756045;
2004, 0.206394185461;
2005, 0.207543150747;
2006, 0.210389744517;
2007, 0.211487070913;
2008, 0.213062057035;
2009, 0.215088883438;
2010, 0.217302900815;
2011, 0.219258723745;
2012, 0.22146628626;
2013, 0.222440970295;
2014, 0.227566130053;
