1988, 0.00897225700675;
1989, 0.00923045145299;
1990, 0.00909489936871;
1991, 0.00944991673229;
1992, 0.00969520145622;
1993, 0.0101922257652;
1994, 0.0106053368792;
1995, 0.0107279792412;
1996, 0.0109345347982;
1997, 0.011341191051;
1998, 0.0115735660526;
1999, 0.0119350382773;
2000, 0.0126902570326;
2001, 0.0131937362027;
2002, 0.0133809271763;
2003, 0.0137553091233;
2004, 0.0140780521811;
2005, 0.0142200591265;
2006, 0.0145557119066;
2007, 0.0148332709363;
2008, 0.0153238403842;
2009, 0.0156917674701;
2010, 0.0160661494171;
2011, 0.0161306980287;
2012, 0.0164276216419;
2013, 0.0167116355327;
2014, 0.0173764862318;
