1988, 0.118265966099;
1989, 0.122022695292;
1990, 0.124049521695;
1991, 0.126218355043;
1992, 0.128109629362;
1993, 0.130201004376;
1994, 0.130213914099;
1995, 0.130310737016;
1996, 0.131446792579;
1997, 0.127967622416;
1998, 0.125559959205;
1999, 0.12491447309;
2000, 0.125121028647;
2001, 0.125411497399;
2002, 0.127496417552;
2003, 0.130259098127;
2004, 0.132815223145;
2005, 0.136907605117;
2006, 0.140373865558;
2007, 0.14362066072;
2008, 0.147261202412;
2009, 0.150030337847;
2010, 0.153993622597;
2011, 0.156607841365;
2012, 0.158040820542;
2013, 0.157950452486;
2014, 0.156052723306;
