1988, 0.0386129794348;
1989, 0.0375672919276;
1990, 0.0366442467823;
1991, 0.0353016356618;
1992, 0.0345464169066;
1993, 0.0339267502356;
1994, 0.0337008300951;
1995, 0.0336233717613;
1996, 0.0334749099547;
1997, 0.0338105627348;
1998, 0.03328126412;
1999, 0.0328939724507;
2000, 0.033158621758;
2001, 0.0329391564787;
2002, 0.0329456113399;
2003, 0.0362117710848;
2004, 0.0364247815029;
2005, 0.0363408683079;
2006, 0.035805114832;
2007, 0.0350563509379;
2008, 0.0347013335743;
2009, 0.0343785905165;
2010, 0.0340171182918;
2011, 0.0337653787067;
2012, 0.0329456113399;
2013, 0.0325195905036;
2014, 0.0322355766127;
