1988, 0.0222950904326;
1989, 0.0223015452938;
1990, 0.0227017466854;
1991, 0.0231858612721;
1992, 0.023553788358;
1993, 0.0239410800274;
1994, 0.0241605453067;
1995, 0.0243864654471;
1996, 0.024257368224;
1997, 0.0242509133629;
1998, 0.0241024515563;
1999, 0.0239991737778;
2000, 0.0239281703051;
2001, 0.0234117814126;
2002, 0.0230632189102;
2003, 0.0223338195995;
2004, 0.0220949897368;
2005, 0.0217593369567;
2006, 0.0213397709815;
2007, 0.0207330140329;
2008, 0.0204296355585;
2009, 0.0198099688876;
2010, 0.0191386633274;
2011, 0.0185125417952;
2012, 0.0182027084597;
2013, 0.0177315035954;
2014, 0.0170666528963;
