1988, 0.0146073507959;
1989, 0.0146654445463;
1990, 0.0149107292702;
1991, 0.015065645938;
1992, 0.0151689237165;
1993, 0.0152980209396;
1994, 0.0157434063593;
1995, 0.016020965389;
1996, 0.0164792605311;
1997, 0.017344211926;
1998, 0.018131704987;
1999, 0.0187449167968;
2000, 0.0191903022166;
2001, 0.019538864719;
2002, 0.02015853139;
2003, 0.0206297362544;
2004, 0.0212300383419;
2005, 0.0216108751501;
2006, 0.0216431494559;
2007, 0.0214882327881;
2008, 0.021772246679;
2009, 0.0220046216806;
2010, 0.0224241876557;
2011, 0.022437097378;
2012, 0.0230825834936;
2013, 0.0232762293283;
2014, 0.0233149584952;
