1988, 0.0131872813416;
1989, 0.0129807257846;
1990, 0.0131550070358;
1991, 0.0129097223119;
1992, 0.0127870799499;
1993, 0.0125353403648;
1994, 0.0121222292508;
1995, 0.0118446702211;
1996, 0.0115283820245;
1997, 0.0155562153858;
1998, 0.0145621667678;
1999, 0.013742399401;
2000, 0.0130194549515;
2001, 0.0122900556409;
2002, 0.0119350382773;
2003, 0.0114057396625;
2004, 0.0107408889635;
2005, 0.010598882018;
2006, 0.0105666077123;
2007, 0.010637611185;
2008, 0.0106827952131;
2009, 0.0104375104891;
2010, 0.0104181459057;
2011, 0.0107796181304;
2012, 0.0110055382709;
2013, 0.0111991841055;
2014, 0.0115542014691;
