1988, 0.0324679516144;
1989, 0.033197350925;
1990, 0.0327261460606;
1991, 0.0335330037051;
1992, 0.0335136391216;
1993, 0.0331263474523;
1994, 0.032409857864;
1995, 0.031499722441;
1996, 0.0306864099353;
1997, 0.0300796529867;
1998, 0.0303378474329;
1999, 0.0304733995172;
2000, 0.0305250384064;
2001, 0.0303572120164;
2002, 0.0302862085437;
2003, 0.0300021946528;
2004, 0.0304088509056;
2005, 0.0299570106247;
2006, 0.0293244342314;
2007, 0.0288209550613;
2008, 0.0281690140845;
2009, 0.0280786460283;
2010, 0.0280334620002;
2011, 0.0280140974168;
2012, 0.0278462710267;
2013, 0.027155600883;
2014, 0.0267747640748;
