1988, 0.0120835000839;
1989, 0.012251326474;
1990, 0.0126450730045;
1991, 0.0131937362027;
1992, 0.0138714966241;
1993, 0.0144847084339;
1994, 0.0151947431611;
1995, 0.0160855140006;
1996, 0.0163759827526;
1997, 0.0179509688747;
1998, 0.0194033126347;
1999, 0.0201843508346;
2000, 0.0205845522263;
2001, 0.0210815765353;
2002, 0.0211977640361;
2003, 0.0211654897303;
2004, 0.0208492015337;
2005, 0.0205587327817;
2006, 0.0207330140329;
2007, 0.0285111217258;
2008, 0.0276719897755;
2009, 0.0274654342185;
2010, 0.0275106182466;
2011, 0.0277107189424;
2012, 0.0275945314416;
2013, 0.0276138960251;
2014, 0.0277042640813;
