1988, 0.0129097223119;
1989, 0.0134261112043;
1990, 0.0140909619034;
1991, 0.0146460799628;
1992, 0.0151624688553;
1993, 0.0156401285808;
1994, 0.0161177883064;
1995, 0.016556718865;
1996, 0.017053743174;
1997, 0.0175765869276;
1998, 0.0182866216548;
1999, 0.018919198048;
2000, 0.0192548508282;
2001, 0.019951975833;
2002, 0.0200810730561;
2003, 0.0200617084727;
2004, 0.020242444585;
2005, 0.0207201043106;
2006, 0.0208233820891;
2007, 0.0213462258427;
2008, 0.0220433508475;
2009, 0.0227211112689;
2010, 0.0235666980803;
2011, 0.0242638230852;
2012, 0.0252449619809;
2013, 0.0260970036535;
2014, 0.0266133925459;
