1988, 0.00219465279302;
1989, 0.00218819793186;
1990, 0.00227856598805;
1991, 0.0022269270988;
1992, 0.00218819793186;
1993, 0.0022269270988;
1994, 0.00229147571036;
1995, 0.00233665973845;
1996, 0.00253030557313;
1997, 0.00264003821278;
1998, 0.00274977085243;
1999, 0.00279495488052;
2000, 0.00282077432514;
2001, 0.00277559029705;
2002, 0.0029305069648;
2003, 0.00304023960445;
2004, 0.00321452085566;
2005, 0.00343398613496;
2006, 0.00347917016305;
2007, 0.00362117710848;
2008, 0.00381482294316;
2009, 0.00403428822246;
2010, 0.00416338544558;
2011, 0.00424729864061;
2012, 0.00461522572649;
2013, 0.00435703128026;
2014, 0.00489923961736;
