1988, 0.0439124204438;
1989, 0.0487987503389;
1990, 0.0545371219065;
1991, 0.0605465976427;
1992, 0.0669046358813;
1993, 0.0732174900918;
1994, 0.0802920179187;
1995, 0.0871148061605;
1996, 0.095331844412;
1997, 0.10252255974;
1998, 0.110823511186;
1999, 0.119918410555;
2000, 0.128057990473;
2001, 0.13641703567;
2002, 0.146505983656;
2003, 0.154561650379;
2004, 0.160784136533;
2005, 0.165593008094;
2006, 0.168220136585;
2007, 0.169801577568;
2008, 0.170576160907;
2009, 0.17266108106;
2010, 0.174358709544;
2011, 0.175068744271;
2012, 0.175604497747;
2013, 0.175436671357;
2014, 0.175823963027;
