1988, 0.0155368508023;
1989, 0.0158789584436;
1990, 0.0160919688617;
1991, 0.0163437084468;
1992, 0.016556718865;
1993, 0.0168536424782;
1994, 0.0175894966499;
1995, 0.0179832431804;
1996, 0.0186029098514;
1997, 0.0197647848595;
1998, 0.0209976633403;
1999, 0.0217916112624;
2000, 0.030796142575;
2001, 0.0314739029963;
2002, 0.0322743057797;
2003, 0.0327584203664;
2004, 0.0328165141168;
2005, 0.0331392571746;
2006, 0.0334103613431;
2007, 0.0330359793961;
2008, 0.0324873161978;
2009, 0.0324356773086;
2010, 0.0327584203664;
2011, 0.0330037050903;
2012, 0.0336556460671;
2013, 0.0342236738488;
2014, 0.0352629064949;
