1988, 0.00730044796736;
1989, 0.0073391771343;
1990, 0.00752636810782;
1991, 0.00759091671938;
1992, 0.00765546533094;
1993, 0.00780392713753;
1994, 0.00795884380527;
1995, 0.00796529866643;
1996, 0.0077781076929;
1997, 0.00792656949949;
1998, 0.007823291721;
1999, 0.00806857644492;
2000, 0.00809439588954;
2001, 0.00831386116885;
2002, 0.00803630213914;
2003, 0.00763610074747;
2004, 0.00734563199546;
2005, 0.00710034727153;
2006, 0.00682924310298;
2007, 0.00639676740553;
2008, 0.00593201740231;
2009, 0.00566091323376;
2010, 0.00506061114625;
2011, 0.00453776739262;
2012, 0.00415047572327;
2013, 0.0037502743316;
2014, 0.00341462155149;
