1988, 0.0178928751243;
1989, 0.0169440105343;
1990, 0.0162985244187;
1991, 0.0155755799693;
1992, 0.0152851112173;
1993, 0.0146848091298;
1994, 0.0143491563496;
1995, 0.0141426007927;
1996, 0.0143749757943;
1997, 0.0158660487213;
1998, 0.0158789584436;
1999, 0.0158789584436;
2000, 0.0160080556667;
2001, 0.0230761286325;
2002, 0.0234053265514;
2003, 0.023469875163;
2004, 0.0236183369696;
2005, 0.0234827848853;
2006, 0.023553788358;
2007, 0.0232375001614;
2008, 0.0231148577994;
2009, 0.0235279689134;
2010, 0.0236570661365;
2011, 0.023882986277;
2012, 0.0241799098901;
2013, 0.0241928196125;
2014, 0.0245413821149;
