1988, 0.0341655800984;
1989, 0.033197350925;
1990, 0.0322484863351;
1991, 0.0312673474394;
1992, 0.0306283161849;
1993, 0.0303120279883;
1994, 0.0302732988213;
1995, 0.0307380488246;
1996, 0.0312673474394;
1997, 0.0310478821601;
1998, 0.0313125314674;
1999, 0.0314868127187;
2000, 0.0312286182724;
2001, 0.0312027988278;
2002, 0.0309833335485;
2003, 0.0307703231303;
2004, 0.0300344689586;
2005, 0.029556809233;
2006, 0.0288855036728;
2007, 0.0283626599192;
2008, 0.0278269064432;
2009, 0.0275493474135;
2010, 0.0268909515756;
2011, 0.026368107822;
2012, 0.0259098126799;
2013, 0.0254902467048;
2014, 0.0251610487858;
