1988, 0.0170085591459;
1989, 0.0171247466467;
1990, 0.017221569564;
1991, 0.016969829979;
1992, 0.0169762848401;
1993, 0.0170279237294;
1994, 0.0171182917855;
1995, 0.0175120383161;
1996, 0.0173377570648;
1997, 0.0195001355521;
1998, 0.0197583299983;
1999, 0.0201908056958;
2000, 0.0205910070874;
2001, 0.020778198061;
2002, 0.0208685661171;
2003, 0.0210622119518;
2004, 0.0209137501452;
2005, 0.0211138508411;
2006, 0.0205780973651;
2007, 0.0200681633338;
2008, 0.0196163230529;
2009, 0.0191967570778;
2010, 0.0184286286002;
2011, 0.0177508681788;
2012, 0.017466854288;
2013, 0.0169762848401;
2014, 0.016556718865;
