1988, 0.00337589238455;
1989, 0.00358244794154;
1990, 0.00389228127703;
1991, 0.00409883683402;
1992, 0.00442157989182;
1993, 0.00460877086534;
1994, 0.00486051045042;
1995, 0.00501542711816;
1996, 0.00535753475943;
1997, 0.00555118059411;
1998, 0.00560281948335;
1999, 0.00579646531803;
2000, 0.00594492712462;
2001, 0.00626121532126;
2002, 0.00640322226669;
2003, 0.00666787157408;
2004, 0.00704870838228;
2005, 0.00736499657892;
2006, 0.00775228824828;
2007, 0.00810730561186;
2008, 0.0084235938085;
2009, 0.0088625243671;
2010, 0.00915944798027;
2011, 0.00959837853888;
2012, 0.00975975006778;
2013, 0.0103729618776;
2014, 0.010347142433;
