1988, 0.0911813686888;
1989, 0.0907876221582;
1990, 0.092059229806;
1991, 0.0936858548173;
1992, 0.0950994694104;
1993, 0.0967583687275;
1994, 0.0975006777604;
1995, 0.100101986806;
1996, 0.101722156956;
1997, 0.10213526807;
1998, 0.104020087528;
1999, 0.10464620906;
2000, 0.104820490311;
2001, 0.106008184764;
2002, 0.106627851435;
2003, 0.107099056299;
2004, 0.106595577129;
2005, 0.106021094486;
2006, 0.1055369799;
2007, 0.105098049341;
2008, 0.103316507662;
2009, 0.102316004183;
2010, 0.102529014601;
2011, 0.102761389603;
2012, 0.103594066692;
2013, 0.103200320161;
2014, 0.103826441693;
