1988, 9.6822917339e-05;
1989, 8.39131950272e-05;
1990, 8.39131950272e-05;
1991, 0.000129097223119;
1992, 0.000161371528898;
1993, 0.000148461806587;
1994, 0.000167826390054;
1995, 0.000109732639651;
1996, 0.000148461806587;
1997, 0.00017428125121;
1998, 0.000180736112366;
1999, 0.000193645834678;
2000, 0.000193645834678;
2001, 0.00020655555699;
2002, 0.000251739585082;
2003, 0.000251739585082;
2004, 0.000245284723926;
2005, 0.000271104168549;
2006, 0.000225920140458;
2007, 0.000219465279302;
2008, 0.000245284723926;
2009, 0.000271104168549;
2010, 0.000348562502421;
2011, 0.000342107641265;
2012, 0.000322743057797;
2013, 0.000374381947044;
2014, 0.000419565975136;
