1988, 0.0254644272602;
1989, 0.025290146009;
1990, 0.0250771355908;
1991, 0.0248963994784;
1992, 0.0240959966951;
1993, 0.0241540904455;
1994, 0.0237861633596;
1995, 0.0230954932159;
1996, 0.022475826545;
1997, 0.0217528820955;
1998, 0.0208298369502;
1999, 0.0204748195866;
2000, 0.0193968577736;
2001, 0.0192871251339;
2002, 0.0190482952712;
2003, 0.0184867223506;
2004, 0.0182866216548;
2005, 0.0183253508217;
2006, 0.017673409845;
2007, 0.0177121390119;
2008, 0.0174023056764;
2009, 0.0174603994268;
2010, 0.0170472883128;
2011, 0.0166987258104;
2012, 0.0168794619228;
2013, 0.0171763855359;
2014, 0.017053743174;
