1988, 0.0363279585856;
1989, 0.0377351183176;
1990, 0.0385355211009;
1991, 0.0393746530512;
1992, 0.0398910419437;
1993, 0.040233149585;
1994, 0.0396199377751;
1995, 0.0390390002711;
1996, 0.0374575592879;
1997, 0.0362827745575;
1998, 0.0351596287164;
1999, 0.0339138405133;
2000, 0.03199674675;
2001, 0.0315642710525;
2002, 0.0316352745252;
2003, 0.0305766772957;
2004, 0.0301377467371;
2005, 0.0294793508992;
2006, 0.0289435974232;
2007, 0.0283820245027;
2008, 0.0287951356166;
2009, 0.0291243335356;
2010, 0.0294148022876;
2011, 0.029472896038;
2012, 0.0293244342314;
2013, 0.0285885800596;
2014, 0.0322613960574;
