1988, 0.0206749202825;
1989, 0.0206232813932;
1990, 0.0211590348692;
1991, 0.0216108751501;
1992, 0.021565691122;
1993, 0.0218174307071;
1994, 0.0225274654342;
1995, 0.0231019480771;
1996, 0.0232439550225;
1997, 0.0235021494688;
1998, 0.0239410800274;
1999, 0.0239927189166;
2000, 0.0239217154439;
2001, 0.0239281703051;
2002, 0.0237216147481;
2003, 0.0229793057151;
2004, 0.0220433508475;
2005, 0.020862111256;
2006, 0.019951975833;
2007, 0.019248395967;
2008, 0.0187901008249;
2009, 0.0183188959605;
2010, 0.0178735105408;
2011, 0.0177702327623;
2012, 0.0166729063658;
2013, 0.0161113334452;
2014, 0.0158918681659;
