1988, 0.0299505557635;
1989, 0.0292921599256;
1990, 0.0276978092201;
1991, 0.0268328578252;
1992, 0.025993725875;
1993, 0.0249544932289;
1994, 0.0245155626702;
1995, 0.0241540904455;
1996, 0.0245091078091;
1997, 0.0249093092008;
1998, 0.0252772362866;
1999, 0.0253030557313;
2000, 0.0261486425427;
2001, 0.0264003821278;
2002, 0.0272007849111;
2003, 0.0282593821407;
2004, 0.0273686113012;
2005, 0.0361149481675;
2006, 0.0366958856715;
2007, 0.0359923058055;
2008, 0.0363537780302;
2009, 0.0367862537277;
2010, 0.0373930106763;
2011, 0.03808368082;
2012, 0.0383870592944;
2013, 0.0385936148513;
2014, 0.0386065245737;
