1988, 0.0077781076929;
1989, 0.00802339241683;
1990, 0.00846232297543;
1991, 0.00832031603;
1992, 0.00845586811428;
1993, 0.00874633686629;
1994, 0.00900453131253;
1995, 0.00886897922826;
1996, 0.0089658021456;
1997, 0.00894643756213;
1998, 0.00921108686952;
1999, 0.00952737506616;
2000, 0.00951446534385;
2001, 0.00975975006778;
2002, 0.00981138895702;
2003, 0.0101212222925;
2004, 0.0103794167387;
2005, 0.0104697847949;
2006, 0.0108764410478;
2007, 0.0110055382709;
2008, 0.0113863750791;
2009, 0.0115800209138;
2010, 0.0117091181369;
2011, 0.0116058403584;
2012, 0.0115542014691;
2013, 0.0115283820245;
2014, 0.0114121945237;
