1988, 0.00824285769613;
1989, 0.00817185422342;
1990, 0.00808148616723;
1991, 0.00830095144653;
1992, 0.00835904519694;
1993, 0.00824931255729;
1994, 0.00828804172422;
1995, 0.0094628264546;
1996, 0.00959837853888;
1997, 0.00941764242651;
1998, 0.00955319451079;
1999, 0.00966938201159;
2000, 0.0096241979835;
2001, 0.00963065284466;
2002, 0.00955319451079;
2003, 0.00972102090084;
2004, 0.00983075354049;
2005, 0.00966938201159;
2006, 0.00961128826119;
2007, 0.00970811117853;
2008, 0.00991466673552;
2009, 0.0102374097933;
2010, 0.0104375104891;
2011, 0.0106053368792;
2012, 0.0110184479932;
2013, 0.0110055382709;
2014, 0.0114573785518;
