1988, 0.0395682988859;
1989, 0.0386775280464;
1990, 0.037625385678;
1991, 0.0371412710913;
1992, 0.037670569706;
1993, 0.0380707710977;
1994, 0.0387808058249;
1995, 0.0402654238907;
1996, 0.0411626495914;
1997, 0.0416403093169;
1998, 0.0430991079382;
1999, 0.0440737919727;
2000, 0.0446418197545;
2001, 0.0446482746156;
2002, 0.0438543266934;
2003, 0.0426601773796;
2004, 0.0414208440376;
2005, 0.0404719794477;
2006, 0.038909903048;
2007, 0.0376318405391;
2008, 0.0367475245607;
2009, 0.0351273544106;
2010, 0.0334490905101;
2011, 0.0320612953615;
2012, 0.0309252397981;
2013, 0.0300473786809;
2014, 0.0292082467306;
