1988, 0.0124901563367;
1989, 0.0124514271698;
1990, 0.012748350783;
1991, 0.0128128993945;
1992, 0.0129484514788;
1993, 0.0130065452292;
1994, 0.013451930649;
1995, 0.0139425000968;
1996, 0.0145686216289;
1997, 0.0154723021908;
1998, 0.0164018021972;
1999, 0.017053743174;
2000, 0.0174345799822;
2001, 0.0178864202631;
2002, 0.018422173739;
2003, 0.026781218936;
2004, 0.0268715869922;
2005, 0.0272395140781;
2006, 0.0273557015789;
2007, 0.0275364376912;
2008, 0.0273557015789;
2009, 0.0273686113012;
2010, 0.0278010869986;
2011, 0.0283755696415;
2012, 0.0284207536696;
2013, 0.0285369411704;
2014, 0.0291049689521;
