1993, 0.000213010418146;
1994, 0.000264649307393;
1995, 0.000284013890861;
1996, 0.000322743057797;
1997, 0.000309833335485;
1998, 0.000335652780109;
1999, 0.000348562502421;
2000, 0.000303378474329;
2001, 0.000329197918953;
2002, 0.000335652780109;
2003, 0.000322743057797;
2004, 0.000329197918953;
2005, 0.000348562502421;
2006, 0.000355017363577;
2007, 0.000361472224732;
2008, 0.000393746530512;
2009, 0.000367927085888;
2010, 0.000355017363577;
2011, 0.000393746530512;
2012, 0.000419565975136;
2013, 0.000393746530512;
2014, 0.000419565975136;
