1988, 0.00216883334839;
1989, 0.00213655904261;
1990, 0.00205264584759;
1991, 0.00203328126412;
1992, 0.00207846529221;
1993, 0.00210428473684;
1994, 0.00205264584759;
1995, 0.00203973612528;
1996, 0.00189127431869;
1997, 0.00197518751372;
1998, 0.00200100695834;
1999, 0.00196873265256;
2000, 0.00193645834678;
2001, 0.00207201043106;
2002, 0.00216237848724;
2003, 0.00218174307071;
2004, 0.00222047223764;
2005, 0.00234956946076;
2006, 0.00235602432192;
2007, 0.00243348265579;
2008, 0.00257548960122;
2009, 0.00268522224087;
2010, 0.00267876737971;
2011, 0.00269813196318;
2012, 0.00268522224087;
2013, 0.00269167710203;
2014, 0.00274331599127;
