1988, 0.0143491563496;
1989, 0.0140199584307;
1990, 0.0137617639845;
1991, 0.013658486206;
1992, 0.0140522327365;
1993, 0.0142265139877;
1994, 0.0145879862124;
1995, 0.0149042744091;
1996, 0.0146202605182;
1997, 0.014736448019;
1998, 0.0148332709363;
1999, 0.0149817327429;
2000, 0.0149365487148;
2001, 0.0150010973264;
2002, 0.0134971146771;
2003, 0.0144911632951;
2004, 0.0144717987116;
2005, 0.01423942371;
2006, 0.0143491563496;
2007, 0.01423942371;
2008, 0.0136843056506;
2009, 0.0134325660655;
2010, 0.0134712952324;
2011, 0.0131937362027;
2012, 0.0130065452292;
2013, 0.0126579827268;
2014, 0.0123094202244;
