1988, 0.0448548301726;
1989, 0.0445191773925;
1990, 0.0437575037761;
1991, 0.0420856947367;
1992, 0.0403880662527;
1993, 0.0399685002776;
1994, 0.0382385974878;
1995, 0.0366442467823;
1996, 0.0361536773344;
1997, 0.0355662849692;
1998, 0.035062805799;
1999, 0.033862201624;
2000, 0.0324356773086;
2001, 0.0317643717484;
2002, 0.0309575141039;
2003, 0.0296923613173;
2004, 0.0287176772828;
2005, 0.028769316172;
2006, 0.0301635661817;
2007, 0.0285175765869;
2008, 0.0275816217193;
2009, 0.0272072397723;
2010, 0.027568711997;
2011, 0.0284982120035;
2012, 0.0291307883967;
2013, 0.0296084481223;
2014, 0.0293308890926;
