1988, 0.0476949690812;
1989, 0.0482436322795;
1990, 0.0486696531158;
1991, 0.0493603232594;
1992, 0.0494636010379;
1993, 0.0499606253469;
1994, 0.0511095906327;
1995, 0.0513742399401;
1996, 0.0527813996721;
1997, 0.0537108996785;
1998, 0.0548921392701;
1999, 0.0554537121907;
2000, 0.0565058545591;
2001, 0.0570674274796;
2002, 0.0573901705374;
2003, 0.0576677295671;
2004, 0.057829101096;
2005, 0.0576741844283;
2006, 0.0574676288713;
2007, 0.0566930455326;
2008, 0.0561895663624;
2009, 0.0557119066369;
2010, 0.0547178580189;
2011, 0.0537431739843;
2012, 0.0532009656472;
2013, 0.0521681878623;
2014, 0.0512128684112;
