1988, 0.00407947225055;
1989, 0.00403428822246;
1990, 0.00406656252824;
1991, 0.00413756600096;
1992, 0.00419565975136;
1993, 0.00433121183563;
1994, 0.00438285072488;
1995, 0.00442803475297;
1996, 0.0044086701695;
1997, 0.0043505764191;
1998, 0.0043505764191;
1999, 0.0044538541976;
2000, 0.0045700416984;
2001, 0.00472495836615;
2002, 0.00478305211655;
2003, 0.00504770142394;
2004, 0.00529944100902;
2005, 0.00533817017596;
2006, 0.00538335420405;
2007, 0.00540271878752;
2008, 0.00519616323053;
2009, 0.00536398962058;
2010, 0.00558990976104;
2011, 0.00568673267838;
2012, 0.00560927434451;
2013, 0.00558990976104;
2014, 0.00558990976104;
