1988, 0.00297569099289;
1989, 0.00302087502098;
1990, 0.00317579168872;
1991, 0.00323388543912;
1992, 0.00338880210687;
1993, 0.00360826738617;
1994, 0.00376963891507;
1995, 0.00384709724894;
1996, 0.003808368082;
1997, 0.00388582641587;
1998, 0.00382127780431;
1999, 0.00377609377622;
2000, 0.004511947948;
2001, 0.00455067711494;
2002, 0.00465395489343;
2003, 0.00481532642233;
2004, 0.00495733336776;
2005, 0.00526071184209;
2006, 0.00537044448174;
2007, 0.00586101392959;
2008, 0.00616439240392;
2009, 0.0063580382386;
2010, 0.00668078129639;
2011, 0.00709389241037;
2012, 0.00740372574586;
2013, 0.00783620144331;
2014, 0.00822349311266;
