1988, 0.0248447605892;
1989, 0.0249415835065;
1990, 0.0248512154504;
1991, 0.0249157640619;
1992, 0.0250706807297;
1993, 0.0256903474006;
1994, 0.02607763907;
1995, 0.0265811182401;
1996, 0.0270781425492;
1997, 0.0273879758846;
1998, 0.0278785453325;
1999, 0.0282271078349;
2000, 0.0374252849821;
2001, 0.0383999690167;
2002, 0.039077729438;
2003, 0.039574753747;
2004, 0.0393617433289;
2005, 0.038412878739;
2006, 0.0375995662333;
2007, 0.0361343127509;
2008, 0.0352241773279;
2009, 0.0335910974555;
2010, 0.0327326009218;
2011, 0.0316094550806;
2012, 0.0309768786873;
2013, 0.0302668439602;
2014, 0.030092562709;
