1988, 0.0251804133693;
1989, 0.0315190870244;
1990, 0.0326293231433;
1991, 0.0339525696802;
1992, 0.0349595280206;
1993, 0.0360245801113;
1994, 0.0366248821988;
1995, 0.0369605349789;
1996, 0.0375543822052;
1997, 0.0371993648417;
1998, 0.0368056183112;
1999, 0.0365538787261;
2000, 0.03696698984;
2001, 0.0453970385097;
2002, 0.0461070732369;
2003, 0.0467461044913;
2004, 0.0471785801887;
2005, 0.0478176114432;
2006, 0.0486825628381;
2007, 0.0492376808975;
2008, 0.0498960767354;
2009, 0.0501865454874;
2010, 0.0509353093815;
2011, 0.0519680871664;
2012, 0.051826080221;
2013, 0.0516647086921;
2014, 0.05103858716;
