1988, 0.0158273195544;
1989, 0.0151753785776;
1990, 0.0151560139941;
1991, 0.0149752778818;
1992, 0.014859090381;
1993, 0.0154593924685;
1994, 0.0161952466402;
1995, 0.0168923716451;
1996, 0.0173635765095;
1997, 0.0173248473425;
1998, 0.017634680678;
1999, 0.0178541459573;
2000, 0.0178993299854;
2001, 0.0176088612334;
2002, 0.0174023056764;
2003, 0.0172796633144;
2004, 0.0165115348369;
2005, 0.0159047778882;
2006, 0.0148720001033;
2007, 0.0142846077381;
2008, 0.0136649410671;
2009, 0.0128193542557;
2010, 0.0124966111979;
2011, 0.0118575799435;
2012, 0.011341191051;
2013, 0.0108893507701;
2014, 0.0107473438246;
