1988, 0.0146396251017;
1989, 0.014445979267;
1990, 0.0144201598224;
1991, 0.0144330695447;
1992, 0.0144782535728;
1993, 0.014362066072;
1994, 0.0144717987116;
1995, 0.0144007952389;
1996, 0.014362066072;
1997, 0.0141619653761;
1998, 0.0139425000968;
1999, 0.0139941389861;
2000, 0.0140651424588;
2001, 0.0139037709299;
2002, 0.0139295903745;
2003, 0.0143685209331;
2004, 0.0144976181562;
2005, 0.0143943403777;
2006, 0.0143104271827;
2007, 0.013910225791;
2008, 0.0140845070423;
2009, 0.0138973160687;
2010, 0.0135164792605;
2011, 0.0133680174539;
2012, 0.0131356424523;
2013, 0.0129097223119;
2014, 0.0126386181433;
