1988, 0.013413201482;
1989, 0.0146977188521;
1990, 0.0204425452809;
1991, 0.0221014445979;
1992, 0.0237151598869;
1993, 0.0248318508669;
1994, 0.0252191425362;
1995, 0.0259162675411;
1996, 0.0263616529608;
1997, 0.0259614515692;
1998, 0.0257678057345;
1999, 0.0255741598998;
2000, 0.0256064342056;
2001, 0.0252772362866;
2002, 0.0251352293412;
2003, 0.0249093092008;
2004, 0.0251158647577;
2005, 0.0256451633725;
2006, 0.0257807154568;
2007, 0.0259162675411;
2008, 0.026368107822;
2009, 0.0271233265772;
2010, 0.0272717883838;
2011, 0.027691354359;
2012, 0.0278139967209;
2013, 0.0276138960251;
2014, 0.0266456668517;
