1988, 0.0174152153987;
1989, 0.0178025070681;
1990, 0.0180348820697;
1991, 0.0180090626251;
1992, 0.0180671563755;
1993, 0.018170434154;
1994, 0.0184673577671;
1995, 0.0187771911026;
1996, 0.0189643820761;
1997, 0.0196808716645;
1998, 0.019829333471;
1999, 0.0203199029189;
2000, 0.0205845522263;
2001, 0.0206813751436;
2002, 0.0210234827849;
2003, 0.0213074966757;
2004, 0.0212494029253;
2005, 0.0213139515369;
2006, 0.0213849550096;
2007, 0.0208427466725;
2008, 0.0207588334775;
2009, 0.0203586320858;
2010, 0.0202940834743;
2011, 0.0203521772247;
2012, 0.0206620105602;
2013, 0.0209331147287;
2014, 0.0216883334839;
