1988, 0.000742309032933;
1989, 0.000716489588309;
1990, 0.000574482642878;
1991, 0.000690670143685;
1992, 0.000748763894089;
1993, 0.00079394792218;
1994, 0.000806857644492;
1995, 0.000839131950272;
1996, 0.000839131950272;
1997, 0.000839131950272;
1998, 0.00079394792218;
1999, 0.000735854171777;
2000, 0.000806857644492;
2001, 0.000974684034546;
2002, 0.000955319451079;
2003, 0.000877861117207;
2004, 0.000877861117207;
2005, 0.000948864589923;
2006, 0.000942409728767;
2007, 0.000929500006455;
2008, 0.000916590284143;
2009, 0.000864951394895;
2010, 0.000871406256051;
2011, 0.000935954867611;
2012, 0.000981138895702;
2013, 0.00101986806264;
2014, 0.00112960070229;
