1988, 0.00382127780431;
1989, 0.00386000697125;
1990, 0.00400846877784;
1991, 0.00416338544558;
1992, 0.00422147919598;
1993, 0.0042924826687;
1994, 0.00436348614141;
1995, 0.0047314132273;
1996, 0.00482178128348;
1997, 0.00496378822892;
1998, 0.00493796878429;
1999, 0.00500897225701;
2000, 0.00500897225701;
2001, 0.00501542711816;
2002, 0.00508643059088;
2003, 0.00522198267515;
2004, 0.00524134725862;
2005, 0.00519616323053;
2006, 0.00520261809168;
2007, 0.00537044448174;
2008, 0.00552536114948;
2009, 0.00545435767677;
2010, 0.00540917364867;
2011, 0.00529298614787;
2012, 0.0055963646222;
2013, 0.00593201740231;
2014, 0.00612566323698;
