1988, 0.000561572920566;
1989, 0.000509934031319;
1990, 0.000639031254438;
1991, 0.000697125004841;
1992, 0.00065194097675;
1993, 0.000664850699061;
1994, 0.000710034727153;
1995, 0.000755218755245;
1996, 0.000742309032933;
1997, 0.000735854171777;
1998, 0.000755218755245;
1999, 0.000806857644492;
2000, 0.000800402783336;
2001, 0.000845586811428;
2002, 0.000890770839519;
2003, 0.00103277778495;
2004, 0.00104568750726;
2005, 0.00100050347917;
2006, 0.000994048618014;
2007, 0.000987593756858;
2008, 0.00105214236842;
2009, 0.00113605556344;
2010, 0.0010844166742;
2011, 0.00114896528576;
2012, 0.00140070487084;
2013, 0.00156853126089;
2014, 0.00164598959476;
