1988, 0.000722944449465;
1989, 0.00110378125767;
1990, 0.00112314584113;
1991, 0.0010844166742;
1992, 0.00111023611882;
1993, 0.00119414931385;
1994, 0.00112960070229;
1995, 0.00109087153535;
1996, 0.00111023611882;
1997, 0.00107150695189;
1998, 0.00118769445269;
1999, 0.00129097223119;
2000, 0.00120705903616;
2001, 0.00121351389732;
2002, 0.00118769445269;
2003, 0.00125869792541;
2004, 0.00127806250888;
2005, 0.00125224306425;
2006, 0.00132970139812;
2007, 0.00140070487084;
2008, 0.00154271181627;
2009, 0.00165244445592;
2010, 0.00169117362286;
2011, 0.00189127431869;
2012, 0.00211073959799;
2013, 0.00214946876493;
2014, 0.00224629168227;
