1988, 0.0133228334259;
1989, 0.0136133021779;
1990, 0.0139941389861;
1991, 0.0146848091298;
1992, 0.0150462813545;
1993, 0.0152399271892;
1994, 0.0155368508023;
1995, 0.0154206633015;
1996, 0.015562670247;
1997, 0.015730496637;
1998, 0.0161823369179;
1999, 0.0165696285873;
2000, 0.0169633751178;
2001, 0.0170214688682;
2002, 0.0171763855359;
2003, 0.017137656369;
2004, 0.0174603994268;
2005, 0.0177895973458;
2006, 0.0181123404036;
2007, 0.0186739133241;
2008, 0.0190095661042;
2009, 0.0196937813868;
2010, 0.0201133473619;
2011, 0.0203392675024;
2012, 0.0206491008378;
2013, 0.0209718438956;
2014, 0.0210041182014;
