1988, 0.0070164340765;
1989, 0.00741018060702;
1990, 0.00779747227637;
1991, 0.0082622222796;
1992, 0.00863014936549;
1993, 0.00889479867288;
1994, 0.00932081950917;
1995, 0.00957901395541;
1996, 0.00990821187436;
1997, 0.0101147674314;
1998, 0.0102309549322;
1999, 0.0104504202115;
2000, 0.0107860729916;
2001, 0.0109216250758;
2002, 0.0112443681336;
2003, 0.0113863750791;
2004, 0.0115154723022;
2005, 0.0117994861931;
2006, 0.0118963091104;
2007, 0.0123739688359;
2008, 0.0129936355069;
2009, 0.0133486528705;
2010, 0.0136778507894;
2011, 0.0138521320406;
2012, 0.0139941389861;
2013, 0.0142846077381;
2014, 0.0144007952389;
