1988, 0.0109474445205;
1989, 0.0104568750726;
1990, 0.0100243993752;
1991, 0.00946928131576;
1992, 0.00916590284143;
1993, 0.00893352783982;
1994, 0.00859787505971;
1995, 0.00839777436387;
1996, 0.00839777436387;
1997, 0.00837195491925;
1998, 0.00836550005809;
1999, 0.00829449658538;
2000, 0.00817830908457;
2001, 0.00846877783659;
2002, 0.00854623617046;
2003, 0.00843650353081;
2004, 0.00854623617046;
2005, 0.00868824311589;
2006, 0.00897871186791;
2007, 0.00922399659183;
2008, 0.00919172228605;
2009, 0.00955319451079;
2010, 0.00957901395541;
2011, 0.00966292715044;
2012, 0.00973393062315;
2013, 0.00950155562154;
2014, 0.00953382992732;
