1988, 0.0103019584049;
1989, 0.0108699861866;
1990, 0.0113347361898;
1991, 0.0115671111914;
1992, 0.0115542014691;
1993, 0.0121803230013;
1994, 0.0123610591136;
1995, 0.0128258091168;
1996, 0.0128645382838;
1997, 0.0131679167581;
1998, 0.013038819535;
1999, 0.0129678160623;
2000, 0.0129226320342;
2001, 0.0135100243994;
2002, 0.013910225791;
2003, 0.0139037709299;
2004, 0.0141426007927;
2005, 0.0140845070423;
2006, 0.0145686216289;
2007, 0.0148397257975;
2008, 0.0152722014949;
2009, 0.0156078542751;
2010, 0.0158918681659;
2011, 0.0162081563626;
2012, 0.0164598959476;
2013, 0.0165050799757;
2014, 0.0166922709493;
