1988, 0.0270587779657;
1989, 0.0279560036664;
1990, 0.0283432953357;
1991, 0.0287886807555;
1992, 0.0292147015918;
1993, 0.0293631633984;
1994, 0.0294987154826;
1995, 0.0297440002066;
1996, 0.0297891842346;
1997, 0.0288080453389;
1998, 0.0274267050516;
1999, 0.0265101147674;
2000, 0.0258969029576;
2001, 0.0256774376783;
2002, 0.0253353300371;
2003, 0.0249544932289;
2004, 0.0247866668388;
2005, 0.0301248370148;
2006, 0.0302345696544;
2007, 0.0303313925717;
2008, 0.030589587018;
2009, 0.030466944656;
2010, 0.0308542363254;
2011, 0.0311898891055;
2012, 0.031209253689;
2013, 0.0310156078543;
2014, 0.0303636668775;
