1988, 0.000722944449465;
1989, 0.000722944449465;
1990, 0.000703579865997;
1991, 0.000800402783336;
1992, 0.000781038199868;
1993, 0.000800402783336;
1994, 0.000864951394895;
1995, 0.000877861117207;
1996, 0.000864951394895;
1997, 0.00082622222796;
1998, 0.000787493061024;
1999, 0.000735854171777;
2000, 0.000684215282529;
2001, 0.000613211809814;
2002, 0.000639031254438;
2003, 0.000658395837906;
2004, 0.000742309032933;
2005, 0.000742309032933;
2006, 0.000703579865997;
2007, 0.000703579865997;
2008, 0.000722944449465;
2009, 0.000716489588309;
2010, 0.000690670143685;
2011, 0.000716489588309;
2012, 0.000703579865997;
2013, 0.000697125004841;
2014, 0.000703579865997;
