1988, 0.00821058339035;
1989, 0.00822994797382;
1990, 0.00822994797382;
1991, 0.00846232297543;
1992, 0.00857205561508;
1993, 0.00857851047624;
1994, 0.00868178825473;
1995, 0.00893998270097;
1996, 0.00906262506293;
1997, 0.00915299311912;
1998, 0.00923690631415;
1999, 0.00937891325958;
2000, 0.00919172228605;
2001, 0.00919817714721;
2002, 0.009023895896;
2003, 0.00909489936871;
2004, 0.00919172228605;
2005, 0.00914653825796;
2006, 0.00917881256374;
2007, 0.00937245839842;
2008, 0.00948219103807;
2009, 0.00954028478847;
2010, 0.0095661042331;
2011, 0.00955964937194;
2012, 0.00966938201159;
2013, 0.00993403131899;
2014, 0.00995339590245;
