1988, 0.012212597307;
1989, 0.0122577813351;
1990, 0.0121996875847;
1991, 0.0125611598095;
1992, 0.0129355417565;
1993, 0.013329288287;
1994, 0.0133486528705;
1995, 0.0134906598159;
1996, 0.0132970139812;
1997, 0.0134325660655;
1998, 0.0134648403713;
1999, 0.0133744723151;
2000, 0.0135100243994;
2001, 0.0133873820374;
2002, 0.0128516285615;
2003, 0.0126838021714;
2004, 0.0124772466144;
2005, 0.0123997882806;
2006, 0.0127806250888;
2007, 0.0128128993945;
2008, 0.0129742709234;
2009, 0.0131937362027;
2010, 0.0134390209267;
2011, 0.0135745730109;
2012, 0.0137553091233;
2013, 0.0140070487084;
2014, 0.0147106285744;
