1988, 0.00859787505971;
1989, 0.00854623617046;
1990, 0.00857205561508;
1991, 0.00860432992086;
1992, 0.00837840978041;
1993, 0.00825576741844;
1994, 0.00786847574909;
1995, 0.00769419449788;
1996, 0.00769419449788;
1997, 0.00741018060702;
1998, 0.00704225352113;
1999, 0.00680987851951;
2000, 0.00652586462865;
2001, 0.00631285421051;
2002, 0.00614502782045;
2003, 0.00590619795768;
2004, 0.00577710073456;
2005, 0.00580292017919;
2006, 0.00557700003873;
2007, 0.00523489239746;
2008, 0.00534462503712;
2009, 0.00551890628833;
2010, 0.00588037851306;
2011, 0.0060352951808;
2012, 0.00608693407005;
2013, 0.00616439240392;
2014, 0.00624830559895;
