1988, 0.0114121945237;
1989, 0.0119931320277;
1990, 0.0123416945302;
1991, 0.0126644375879;
1992, 0.0132324653697;
1993, 0.0138585869018;
1994, 0.0139683195414;
1995, 0.0133551077316;
1996, 0.012625708421;
1997, 0.0122061424459;
1998, 0.0119285834162;
1999, 0.0116381146642;
2000, 0.0109797188262;
2001, 0.0104762396561;
2002, 0.0106569757685;
2003, 0.0104375104891;
2004, 0.0102761389603;
2005, 0.0100566736809;
2006, 0.00954673964963;
2007, 0.00957255909425;
2008, 0.00914008339681;
2009, 0.00861723964318;
2010, 0.00829449658538;
2011, 0.00818476394573;
2012, 0.00800402783336;
2013, 0.00806857644492;
2014, 0.00808794102839;
