1988, 0.0088625243671;
1989, 0.00922399659183;
1990, 0.00906907992409;
1991, 0.00924981603646;
1992, 0.00954673964963;
1993, 0.0098436632628;
1994, 0.00990175701321;
1995, 0.0099469410413;
1996, 0.00965001742813;
1997, 0.00963710770581;
1998, 0.00946928131576;
1999, 0.00949510076038;
2000, 0.00943700700998;
2001, 0.00943700700998;
2002, 0.00981138895702;
2003, 0.0101599514594;
2004, 0.0103148681272;
2005, 0.0101728611818;
2006, 0.010514968823;
2007, 0.0103019584049;
2008, 0.0100566736809;
2009, 0.00961774312235;
2010, 0.00955964937194;
2011, 0.00938536812073;
2012, 0.00903680561831;
2013, 0.00881734033901;
2014, 0.00853332644815;
