1994, 0.000219465279302;
1995, 0.000180736112366;
1996, 0.000200100695834;
1997, 0.000232375001614;
1998, 0.000245284723926;
1999, 0.000258194446237;
2000, 0.00023882986277;
2001, 0.000264649307393;
2002, 0.000284013890861;
2003, 0.000335652780109;
2004, 0.000316288196641;
2005, 0.000400201391668;
2006, 0.000419565975136;
2007, 0.000432475697448;
2008, 0.00044538541976;
2009, 0.00044538541976;
2010, 0.000464750003227;
2011, 0.000516388892475;
2012, 0.000613211809814;
2013, 0.000664850699061;
2014, 0.000813312505648;
