1988, 0.0586682330463;
1989, 0.059236260828;
1990, 0.0598236531932;
1991, 0.0604045906973;
1992, 0.0603916809749;
1993, 0.0610178025071;
1994, 0.06176011154;
1995, 0.0629736254373;
1996, 0.0637804830818;
1997, 0.0676469449142;
1998, 0.0708356463252;
1999, 0.0734240456488;
2000, 0.0748505699642;
2001, 0.076206090807;
2002, 0.0787234866578;
2003, 0.0813247957036;
2004, 0.0833451672455;
2005, 0.0858367436516;
2006, 0.0884832367256;
2007, 0.0884315978363;
2008, 0.0888640735338;
2009, 0.0888705283949;
2010, 0.0904584242393;
2011, 0.0923755180026;
2012, 0.0941441499593;
2013, 0.0954480319128;
2014, 0.0972618478977;
