1988, 0.00348562502421;
1989, 0.00354371877461;
1990, 0.00371154516466;
1991, 0.00392455558281;
1992, 0.0041311111398;
1993, 0.00432475697448;
1994, 0.00462168058765;
1995, 0.00482823614464;
1996, 0.0051122500355;
1997, 0.00533817017596;
1998, 0.00575128128994;
1999, 0.00612566323698;
2000, 0.00648713546172;
2001, 0.00655813893443;
2002, 0.00680342365836;
2003, 0.00707452782691;
2004, 0.00726817366158;
2005, 0.00751991324667;
2006, 0.00774583338712;
2007, 0.00768128477556;
2008, 0.00772646880366;
2009, 0.00795238894411;
2010, 0.00793302436065;
2011, 0.00819121880688;
2012, 0.00837195491925;
2013, 0.00862369450433;
2014, 0.00890770839519;
