1988, 0.0062547604601;
1989, 0.00631930907166;
1990, 0.00644195143362;
1991, 0.00659686810137;
1992, 0.00680342365836;
1993, 0.00697125004841;
1994, 0.00708743754922;
1995, 0.00722944449465;
1996, 0.00741018060702;
1997, 0.00754573269129;
1998, 0.00761673616401;
1999, 0.00783620144331;
2000, 0.00797820838874;
2001, 0.00815248963995;
2002, 0.00827513200191;
2003, 0.00845586811428;
2004, 0.00863014936549;
2005, 0.00877215631092;
2006, 0.00889479867288;
2007, 0.00937245839842;
2008, 0.00996630562477;
2009, 0.0104956042396;
2010, 0.0109151702147;
2011, 0.0112701875783;
2012, 0.0113605556344;
2013, 0.0118898542492;
2014, 0.0122771459186;
