1988, 0.00611275351467;
1989, 0.00653231948981;
1990, 0.00677114935258;
1991, 0.00711325699384;
1992, 0.0072810833839;
1993, 0.0073972708847;
1994, 0.00753927783013;
1995, 0.00804921186145;
1996, 0.00860432992086;
1997, 0.00886897922826;
1998, 0.00917235770259;
1999, 0.00947573617691;
2000, 0.00975975006778;
2001, 0.0100502188198;
2002, 0.0103858715999;
2003, 0.010514968823;
2004, 0.0106505209073;
2005, 0.0108248021585;
2006, 0.0109409896593;
2007, 0.0109990834097;
2008, 0.0111217257717;
2009, 0.011715572998;
2010, 0.0121545035566;
2011, 0.0126515278656;
2012, 0.0127612605053;
2013, 0.013535843844;
2014, 0.0142329688488;
