1988, 0.0130452743961;
1989, 0.01295490634;
1990, 0.0131743716193;
1991, 0.0148461806587;
1992, 0.0155045764966;
1993, 0.0159693264998;
1994, 0.0175314028995;
1995, 0.0190741147158;
1996, 0.0197906043041;
1997, 0.0202488994462;
1998, 0.020655555699;
1999, 0.0203521772247;
2000, 0.0200423438892;
2001, 0.0196421424975;
2002, 0.0195646841636;
2003, 0.0193064897174;
2004, 0.018751371658;
2005, 0.0180026077639;
2006, 0.0177895973458;
2007, 0.0174152153987;
2008, 0.016763274422;
2009, 0.0161952466402;
2010, 0.0160532396948;
2011, 0.0165760834484;
2012, 0.0163759827526;
2013, 0.0163888924749;
2014, 0.0162468855295;
