1988, 0.00819121880688;
1989, 0.00839131950272;
1990, 0.00865596881011;
1991, 0.00867533339358;
1992, 0.00904326047947;
1993, 0.00890770839519;
1994, 0.00906907992409;
1995, 0.00897225700675;
1996, 0.00925627089761;
1997, 0.00897225700675;
1998, 0.0088044306167;
1999, 0.00893998270097;
2000, 0.00910780909103;
2001, 0.00914008339681;
2002, 0.00923045145299;
2003, 0.00945637159345;
2004, 0.00947573617691;
2005, 0.00949510076038;
2006, 0.00948219103807;
2007, 0.00922399659183;
2008, 0.0092433611753;
2009, 0.00923045145299;
2010, 0.00886897922826;
2011, 0.0088044306167;
2012, 0.00873988200514;
2013, 0.00852041672584;
2014, 0.00826867714075;
