1988, 0.00220756251533;
1989, 0.00243348265579;
1990, 0.00247221182272;
1991, 0.00246575696157;
1992, 0.00242702779463;
1993, 0.00251739585082;
1994, 0.00247866668388;
1995, 0.00264649307393;
1996, 0.00276268057474;
1997, 0.00271749654665;
1998, 0.00292405210364;
1999, 0.00299505557635;
2000, 0.00308542363254;
2001, 0.00316288196641;
2002, 0.00340816669033;
2003, 0.00360181252501;
2004, 0.00378254863738;
2005, 0.00389228127703;
2006, 0.00430539239101;
2007, 0.00985657298512;
2008, 0.0100566736809;
2009, 0.0104375104891;
2010, 0.0108764410478;
2011, 0.0114638334129;
2012, 0.0118123959154;
2013, 0.0123997882806;
2014, 0.0131937362027;
