1988, 0.0114121945237;
1989, 0.0111927292444;
1990, 0.0109990834097;
1991, 0.011257277856;
1992, 0.0117284827203;
1993, 0.0117865764707;
1994, 0.0121609584178;
1995, 0.0123546042525;
1996, 0.0122965105021;
1997, 0.0120705903616;
1998, 0.0123223299467;
1999, 0.0121996875847;
2000, 0.012044770917;
2001, 0.0119285834162;
2002, 0.011547746608;
2003, 0.011218548689;
2004, 0.0104504202115;
2005, 0.0102503195156;
2006, 0.0100243993752;
2007, 0.0096241979835;
2008, 0.00945637159345;
2009, 0.00919817714721;
2010, 0.00904971534062;
2011, 0.00881734033901;
2012, 0.00872051742167;
2013, 0.0086430590878;
2014, 0.00863660422664;
