1988, 0.0151301945495;
1989, 0.0151689237165;
1990, 0.0153690244123;
1991, 0.0155884896916;
1992, 0.0160403299725;
1993, 0.0161694271956;
1994, 0.0162210660849;
1995, 0.0160403299725;
1996, 0.015769225804;
1997, 0.0158079549709;
1998, 0.0157434063593;
1999, 0.015814409832;
2000, 0.0159628716386;
2001, 0.0159628716386;
2002, 0.0158789584436;
2003, 0.0163824376138;
2004, 0.0166470869212;
2005, 0.0167374549773;
2006, 0.0170021042847;
2007, 0.0170601980351;
2008, 0.0173764862318;
2009, 0.0173054827591;
2010, 0.0172861181756;
2011, 0.0172022049806;
2012, 0.0168794619228;
2013, 0.016556718865;
2014, 0.0161048785841;
