1988, 0.00742954519048;
1989, 0.00749409380204;
1990, 0.00757800699707;
1991, 0.00795884380527;
1992, 0.0082041285292;
1993, 0.00843004866965;
1994, 0.0087011528382;
1995, 0.00901098617369;
1996, 0.00939827784304;
1997, 0.00963710770581;
1998, 0.00981784381818;
1999, 0.0103148681272;
2000, 0.0106311563238;
2001, 0.0141684202373;
2002, 0.0144266146835;
2003, 0.0148009966306;
2004, 0.0151882882999;
2005, 0.0155110313577;
2006, 0.0158595938601;
2007, 0.0160919688617;
2008, 0.0164598959476;
2009, 0.0166212674765;
2010, 0.016969829979;
2011, 0.0174345799822;
2012, 0.0179380591523;
2013, 0.0183705348498;
2014, 0.0189450174927;
