1988, 0.00139425000968;
1989, 0.00147170834355;
1990, 0.0013038819535;
1991, 0.00131679167581;
1992, 0.0013038819535;
1993, 0.00129742709234;
1994, 0.00128451737003;
1995, 0.00134261112043;
1996, 0.00141361459315;
1997, 0.00151043751049;
1998, 0.00158789584436;
1999, 0.00159435070552;
2000, 0.00152980209396;
2001, 0.00152980209396;
2002, 0.00160080556667;
2003, 0.00169117362286;
2004, 0.00165889931708;
2005, 0.00169117362286;
2006, 0.00173635765095;
2007, 0.00182672570713;
2008, 0.00191709376331;
2009, 0.00194291320794;
2010, 0.00200100695834;
2011, 0.00209137501452;
2012, 0.00216237848724;
2013, 0.00218174307071;
2014, 0.00216237848724;
