1988, 0.0173635765095;
1989, 0.017221569564;
1990, 0.0170021042847;
1991, 0.0166858160881;
1992, 0.0170343785905;
1993, 0.0173700313706;
1994, 0.0176475904003;
1995, 0.0181897987374;
1996, 0.018254347349;
1997, 0.0184738126283;
1998, 0.0186610036018;
1999, 0.0190870244381;
2000, 0.0192677605505;
2001, 0.0193516737455;
2002, 0.0193581286067;
2003, 0.0187901008249;
2004, 0.0184673577671;
2005, 0.0178476910962;
2006, 0.0165889931708;
2007, 0.016556718865;
2008, 0.0161565174733;
2009, 0.0159176876105;
2010, 0.0150979202437;
2011, 0.0142975174604;
2012, 0.0140199584307;
2013, 0.0139360452357;
2014, 0.0134712952324;
