1988, 0.00649359032287;
1989, 0.00662268754599;
1990, 0.00669369101871;
1991, 0.00686151740876;
1992, 0.00706807296575;
1993, 0.007119711855;
1994, 0.00722298963349;
1995, 0.00737790630124;
1996, 0.00773937852597;
1997, 0.00827513200191;
1998, 0.00860432992086;
1999, 0.00917235770259;
2000, 0.00975329520662;
2001, 0.0101664063206;
2002, 0.0104568750726;
2003, 0.0111604549386;
2004, 0.0115025625799;
2005, 0.0116058403584;
2006, 0.0117736667484;
2007, 0.0117220278592;
2008, 0.0115993854972;
2009, 0.0114380139683;
2010, 0.0114444688295;
2011, 0.0113605556344;
2012, 0.0114186493849;
2013, 0.0111733646609;
2014, 0.0112766424394;
