1988, 0.000200100695834;
1989, 0.00020655555699;
1990, 0.000193645834678;
1991, 0.00023882986277;
1992, 0.000303378474329;
1993, 0.000355017363577;
1994, 0.000451840280916;
1995, 0.000490569447851;
1996, 0.000593847226346;
1997, 0.000561572920566;
1998, 0.000677760421373;
1999, 0.000761673616401;
2000, 0.000716489588309;
2001, 0.000703579865997;
2002, 0.00085849653374;
2003, 0.000910135422987;
2004, 0.00105859722957;
2005, 0.00117478473038;
2006, 0.00131679167581;
2007, 0.00145234376009;
2008, 0.0015233472328;
2009, 0.00158789584436;
2010, 0.00176863195673;
2011, 0.00193000348563;
2012, 0.00192354862447;
2013, 0.00200100695834;
2014, 0.00205264584759;
