1988, 0.0243219168356;
1989, 0.0249480383677;
1990, 0.025457972399;
1991, 0.0258323543461;
1992, 0.026161552265;
1993, 0.0266004828236;
1994, 0.0275880765805;
1995, 0.0283432953357;
1996, 0.0292792502033;
1997, 0.0310478821601;
1998, 0.0326228682821;
1999, 0.0337976530125;
2000, 0.0344883231562;
2001, 0.0349918023263;
2002, 0.0357147467758;
2003, 0.0361924065013;
2004, 0.0366055176153;
2005, 0.0372510037309;
2006, 0.0380578613754;
2007, 0.0378900349853;
2008, 0.0381934134597;
2009, 0.0388066252695;
2010, 0.039613482914;
2011, 0.0410270975071;
2012, 0.0423374343218;
2013, 0.0433766669679;
2014, 0.0439511496108;
