1988, 0.0169440105343;
1989, 0.0161113334452;
1990, 0.0155433056635;
1991, 0.0152399271892;
1992, 0.0146073507959;
1993, 0.0142910625992;
1994, 0.0143427014885;
1995, 0.0140005938472;
1996, 0.0140715973199;
1997, 0.014155510515;
1998, 0.0141877848207;
1999, 0.0138779514853;
2000, 0.0137036702341;
2001, 0.0136455764836;
2002, 0.0138521320406;
2003, 0.019125753605;
2004, 0.0188417397142;
2005, 0.0191709376331;
2006, 0.0192225765224;
2007, 0.019829333471;
2008, 0.0199067918049;
2009, 0.0203392675024;
2010, 0.0203005383354;
2011, 0.0202359897239;
2012, 0.0200487987503;
2013, 0.019745420276;
2014, 0.0197389654149;
