1988, 0.000658395837906;
1989, 0.000690670143685;
1990, 0.000690670143685;
1991, 0.000755218755245;
1992, 0.000761673616401;
1993, 0.000722944449465;
1994, 0.000729399310621;
1995, 0.000742309032933;
1996, 0.000710034727153;
1997, 0.000774583338712;
1998, 0.000781038199868;
1999, 0.00079394792218;
2000, 0.000884315978363;
2001, 0.000864951394895;
2002, 0.000813312505648;
2003, 0.000813312505648;
2004, 0.00082622222796;
2005, 0.000890770839519;
2006, 0.000781038199868;
2007, 0.000774583338712;
2008, 0.000923045145299;
2009, 0.000961774312235;
2010, 0.00102632292379;
2011, 0.00112314584113;
2012, 0.00120705903616;
2013, 0.00119414931385;
2014, 0.00125224306425;
