1988, 0.0132324653697;
1989, 0.0134454757878;
1990, 0.0137617639845;
1991, 0.0139618646803;
1992, 0.0140651424588;
1993, 0.0141103264869;
1994, 0.0140522327365;
1995, 0.0138844063464;
1996, 0.0141232362092;
1997, 0.0137746737068;
1998, 0.0135874827332;
1999, 0.0139941389861;
2000, 0.0138973160687;
2001, 0.0142329688488;
2002, 0.0145234376009;
2003, 0.0147880869083;
2004, 0.0150721007991;
2005, 0.0152592917726;
2006, 0.0155691251081;
2007, 0.0155433056635;
2008, 0.0155884896916;
2009, 0.0154077535792;
2010, 0.0153044758007;
2011, 0.015026916771;
2012, 0.0151624688553;
2013, 0.0149171841314;
2014, 0.0144847084339;
