1988, 0.0173571216483;
1989, 0.0182930765159;
1990, 0.019622777914;
1991, 0.0207265591717;
1992, 0.0214882327881;
1993, 0.0224500071003;
1994, 0.0227469307135;
1995, 0.0230373994655;
1996, 0.0236118821084;
1997, 0.023140677244;
1998, 0.0233278682176;
1999, 0.0235279689134;
2000, 0.0234634203018;
2001, 0.0229470314094;
2002, 0.0231019480771;
2003, 0.0232762293283;
2004, 0.0232116807167;
2005, 0.0237926182208;
2006, 0.0237667987762;
2007, 0.0236441564142;
2008, 0.0235796078026;
2009, 0.0237861633596;
2010, 0.0240249932224;
2011, 0.0245349272537;
2012, 0.0242057293348;
2013, 0.0238571668323;
2014, 0.0237732536373;
