1988, 0.0524909309201;
1989, 0.0564864899756;
1990, 0.0601786705568;
1991, 0.063373826829;
1992, 0.0667626289359;
1993, 0.0701256115981;
1994, 0.0734240456488;
1995, 0.0765352887259;
1996, 0.079310879023;
1997, 0.0799176359717;
1998, 0.0804404797253;
1999, 0.0815119866772;
2000, 0.0832547991893;
2001, 0.0840358373891;
2002, 0.0854171776765;
2003, 0.0854946360104;
2004, 0.0845780457262;
2005, 0.0833709866901;
2006, 0.0820219207085;
2007, 0.0796142574973;
2008, 0.0769871290069;
2009, 0.0744439137114;
2010, 0.0729851150902;
2011, 0.0717005977201;
2012, 0.0705645421567;
2013, 0.0686668129769;
2014, 0.0668659067143;
