1988, 0.0611662643137;
1989, 0.0607079691716;
1990, 0.0602561288907;
1991, 0.0604239552807;
1992, 0.0596429170809;
1993, 0.0598494726378;
1994, 0.0585649552678;
1995, 0.0580033823472;
1996, 0.0575450872052;
1997, 0.0566414066433;
1998, 0.0553633441345;
1999, 0.0542531080156;
2000, 0.0519616323053;
2001, 0.0513032364674;
2002, 0.0509094899369;
2003, 0.0491214933967;
2004, 0.0480241670002;
2005, 0.0484760072811;
2006, 0.0486115593654;
2007, 0.0485405558926;
2008, 0.0482178128348;
2009, 0.0493538683983;
2010, 0.0497088857619;
2011, 0.0508772156311;
2012, 0.0502252746543;
2013, 0.0501865454874;
2014, 0.0510063128542;
