1992, 0.0147106285744;
1993, 0.0141942396819;
1994, 0.0139425000968;
1995, 0.0138004931514;
1996, 0.0134002917597;
1997, 0.0131808264804;
1998, 0.0131550070358;
1999, 0.0131356424523;
2000, 0.0131420973135;
2001, 0.0133099237035;
2002, 0.0138198577349;
2003, 0.0139876841249;
2004, 0.0139747744026;
2005, 0.0137682188456;
2006, 0.013910225791;
2007, 0.0138973160687;
2008, 0.0138908612076;
2009, 0.0139360452357;
2010, 0.0137811285679;
2011, 0.0137940382902;
2012, 0.0137294896787;
2013, 0.0134002917597;
2014, 0.0132195556474;
