1988, 0.0119285834162;
1989, 0.0122319618905;
1990, 0.0125869792541;
1991, 0.0126321632822;
1992, 0.0130130000904;
1993, 0.013329288287;
1994, 0.0137488542621;
1995, 0.0143427014885;
1996, 0.0150075521876;
1997, 0.0154852119131;
1998, 0.017550767483;
1999, 0.0182285279044;
2000, 0.0189837466596;
2001, 0.0201843508346;
2002, 0.0209589341733;
2003, 0.021978802236;
2004, 0.0231471321052;
2005, 0.0239023508604;
2006, 0.0245091078091;
2007, 0.0248253960057;
2008, 0.0253805140651;
2009, 0.0261744619873;
2010, 0.0266650314352;
2011, 0.0267553994914;
2012, 0.0272976078285;
2013, 0.0277107189424;
2014, 0.0283303856134;
