1988, 0.0244187397529;
1989, 0.0247995765611;
1990, 0.025457972399;
1991, 0.0254515175379;
1992, 0.0258452640684;
1993, 0.0257548960122;
1994, 0.0260970036535;
1995, 0.0260970036535;
1996, 0.0255031564271;
1997, 0.0255031564271;
1998, 0.0258517189295;
1999, 0.0271168717161;
2000, 0.0276332606086;
2001, 0.0288274099224;
2002, 0.0292469758975;
2003, 0.0283497501969;
2004, 0.0267166703244;
2005, 0.0255677050387;
2006, 0.0242896425298;
2007, 0.0235408786357;
2008, 0.0231858612721;
2009, 0.0220820800145;
2010, 0.0206749202825;
2011, 0.0197906043041;
2012, 0.0188804688811;
2013, 0.018047791792;
2014, 0.0176605001226;
