1988, 0.0161242431675;
1989, 0.0166535417823;
1990, 0.0170666528963;
1991, 0.0173958508152;
1992, 0.0176088612334;
1993, 0.0179896980416;
1994, 0.0181897987374;
1995, 0.0189514723538;
1996, 0.0195259549967;
1997, 0.0207717431998;
1998, 0.0219594376525;
1999, 0.0225726494623;
2000, 0.0230438543267;
2001, 0.0236247918307;
2002, 0.0242509133629;
2003, 0.0245542918372;
2004, 0.0252578717032;
2005, 0.025167503647;
2006, 0.0252966008701;
2007, 0.0248899446173;
2008, 0.0249286737842;
2009, 0.0249738578123;
2010, 0.025083590452;
2011, 0.0252191425362;
2012, 0.025167503647;
2013, 0.0251610487858;
2014, 0.0250642258685;
