1988, 0.0133163785647;
1989, 0.0130581841185;
1990, 0.0127031667549;
1991, 0.0125482500871;
1992, 0.0124449723086;
1993, 0.0123481493913;
1994, 0.0124837014756;
1995, 0.0127999896722;
1996, 0.0133099237035;
1997, 0.0134196563432;
1998, 0.0131098230077;
1999, 0.0136262119002;
2000, 0.0137811285679;
2001, 0.0137165799564;
2002, 0.0133938368986;
2003, 0.0132324653697;
2004, 0.0126773473103;
2005, 0.0120512257781;
2006, 0.0113992848014;
2007, 0.0107860729916;
2008, 0.0102632292379;
2009, 0.00960483340003;
2010, 0.00868178825473;
2011, 0.00828158686307;
2012, 0.00795884380527;
2013, 0.0077200139425;
2014, 0.00766837505325;
