1988, 0.00710034727153;
1989, 0.00710680213269;
1990, 0.00693897574263;
1991, 0.00702288893766;
1992, 0.00726171880043;
1993, 0.0072810833839;
1994, 0.00748763894089;
1995, 0.00775228824828;
1996, 0.00757155213591;
1997, 0.00741663546817;
1998, 0.0073391771343;
1999, 0.00720362505003;
2000, 0.00724880907812;
2001, 0.00735854171777;
2002, 0.0071778056054;
2003, 0.0073391771343;
2004, 0.00725526393927;
2005, 0.00719071532771;
2006, 0.00711325699384;
2007, 0.00726171880043;
2008, 0.00696479518726;
2009, 0.00695188546494;
2010, 0.00692606602032;
2011, 0.00683569796414;
2012, 0.00662914240715;
2013, 0.00661623268483;
2014, 0.00650650004518;
