1988, 0.000277559029705;
1989, 0.000277559029705;
1990, 0.000309833335485;
1991, 0.000374381947044;
1992, 0.0003808368082;
1993, 0.000400201391668;
1994, 0.000393746530512;
1995, 0.000484114586695;
1996, 0.000568027781722;
1997, 0.000600302087502;
1998, 0.000593847226346;
1999, 0.00061966667097;
2000, 0.000664850699061;
2001, 0.000761673616401;
2002, 0.000845586811428;
2003, 0.000852041672584;
2004, 0.00085849653374;
2005, 0.000910135422987;
2006, 0.000981138895702;
2007, 0.00105859722957;
2008, 0.00116832986922;
2009, 0.0013038819535;
2010, 0.00129742709234;
2011, 0.00137488542621;
2012, 0.00148461806587;
2013, 0.00154916667742;
2014, 0.0017428125121;
