1988, 0.0157950452486;
1989, 0.0150333716322;
1990, 0.0142329688488;
1991, 0.01312273273;
1992, 0.0124062431417;
1993, 0.011922128555;
1994, 0.0115412917468;
1995, 0.0115283820245;
1996, 0.0117994861931;
1997, 0.0120318611947;
1998, 0.0122319618905;
1999, 0.0122255070293;
2000, 0.0122577813351;
2001, 0.0127289861995;
2002, 0.0128451737003;
2003, 0.0130259098127;
2004, 0.0130581841185;
2005, 0.0127612605053;
2006, 0.0126386181433;
2007, 0.0125740695318;
2008, 0.0126902570326;
2009, 0.0128645382838;
2010, 0.0132001910639;
2011, 0.0130130000904;
2012, 0.0131872813416;
2013, 0.0130904584242;
2014, 0.0131679167581;
