1989, 0.0263422883774;
1990, 0.0262196460154;
1991, 0.0258452640684;
1992, 0.0257742605957;
1993, 0.0261357328204;
1994, 0.0264713856005;
1995, 0.0259162675411;
1996, 0.0257678057345;
1997, 0.0254837918436;
1998, 0.0254127883709;
1999, 0.0255612501775;
2000, 0.0257290765676;
2001, 0.0257161668453;
2002, 0.0260518196254;
2003, 0.0262131911543;
2004, 0.0262648300435;
2005, 0.0264391112947;
2006, 0.0264455661559;
2007, 0.0265682085178;
2008, 0.0259872710138;
2009, 0.0256903474006;
2010, 0.0252836911478;
2011, 0.0250706807297;
2012, 0.0243348265579;
2013, 0.0236183369696;
2014, 0.0234827848853;
