1988, 0.0315449064691;
1989, 0.031912833555;
1990, 0.0325131356425;
1991, 0.0330876182853;
1992, 0.0330230696738;
1993, 0.0335846425943;
1994, 0.0342817675992;
1995, 0.034068757181;
1996, 0.0340881217645;
1997, 0.0340881217645;
1998, 0.0344947780173;
1999, 0.0351531738552;
2000, 0.0347594273247;
2001, 0.0345464169066;
2002, 0.0342624030157;
2003, 0.0338299273183;
2004, 0.0328875175895;
2005, 0.0324873161978;
2006, 0.0328036043945;
2007, 0.0319773821665;
2008, 0.0315061773021;
2009, 0.0306154064626;
2010, 0.0303378474329;
2011, 0.0298472779851;
2012, 0.0297181807619;
2013, 0.0294599863157;
2014, 0.0290856043687;
