1988, 0.0831902505777;
1989, 0.0842617575296;
1990, 0.0862692193491;
1991, 0.0881540388066;
1992, 0.0887866151999;
1993, 0.0889092575619;
1994, 0.0872374485225;
1995, 0.0842617575296;
1996, 0.0805502123649;
1997, 0.0786008442958;
1998, 0.0788267644363;
1999, 0.0852687158699;
2000, 0.0841391151676;
2001, 0.0818411845961;
2002, 0.0808213165335;
2003, 0.0816088095945;
2004, 0.0836872748867;
2005, 0.0870179832432;
2006, 0.0860820283756;
2007, 0.0827255005745;
2008, 0.0826028582125;
2009, 0.0818218200127;
2010, 0.0836550005809;
2011, 0.0836550005809;
2012, 0.0815313512606;
2013, 0.0795109797188;
2014, 0.0767418442829;
