1988, 0.0317191877203;
1989, 0.0308994203535;
1990, 0.0308736009088;
1991, 0.0307509585469;
1992, 0.0306864099353;
1993, 0.0306218613238;
1994, 0.0309833335485;
1995, 0.0314674481352;
1996, 0.0326422328656;
1997, 0.034068757181;
1998, 0.0354888266353;
1999, 0.0371154516466;
2000, 0.0384516079059;
2001, 0.0392520106893;
2002, 0.0398910419437;
2003, 0.0405946218097;
2004, 0.0392003718;
2005, 0.0458488787906;
2006, 0.0451646635081;
2007, 0.0445708162817;
2008, 0.0428150940473;
2009, 0.0418210454293;
2010, 0.0399491356941;
2011, 0.0386387988794;
2012, 0.0373930106763;
2013, 0.0361020384452;
2014, 0.0349595280206;
