1988, 0.00557700003873;
1989, 0.00577710073456;
1990, 0.00597074656924;
1991, 0.00593847226346;
1992, 0.00584164934612;
1993, 0.00628057990473;
1994, 0.00604175004196;
1995, 0.00589328823537;
1996, 0.00551890628833;
1997, 0.00520907295284;
1998, 0.00488632989504;
1999, 0.00442157989182;
2000, 0.00404719794477;
2001, 0.0039116458605;
2002, 0.00357599308039;
2003, 0.00338234724571;
2004, 0.00323388543912;
2005, 0.00312415279947;
2006, 0.00322097571681;
2007, 0.00312415279947;
2008, 0.00315642710525;
2009, 0.00325970488375;
2010, 0.00345335071843;
2011, 0.00351144446883;
2012, 0.0034275312738;
2013, 0.00344689585727;
2014, 0.00360181252501;
