1989, 0.0333845418985;
1990, 0.0339267502356;
1991, 0.0345335071843;
1992, 0.0338363821794;
1993, 0.0335910974555;
1994, 0.0327455106441;
1995, 0.0323194898078;
1996, 0.0309252397981;
1997, 0.0297310904842;
1998, 0.0282141981126;
1999, 0.0272459689392;
2000, 0.0256838925395;
2001, 0.0242444585017;
2002, 0.0234376008572;
2003, 0.0221078994591;
2004, 0.021152580008;
2005, 0.0203328126412;
2006, 0.0201198022231;
2007, 0.0203199029189;
2008, 0.0206684654213;
2009, 0.0213010418146;
2010, 0.0215334168162;
2011, 0.024670479338;
2012, 0.0250706807297;
2013, 0.0255935244833;
2014, 0.0258581737907;
