1988, 0.000219465279302;
1989, 0.000219465279302;
1990, 0.000271104168549;
1991, 0.000277559029705;
1992, 0.000284013890861;
1993, 0.000258194446237;
1994, 0.000264649307393;
1995, 0.000251739585082;
1996, 0.000251739585082;
1997, 0.00023882986277;
1998, 0.000290468752017;
1999, 0.000167826390054;
2000, 0.000271104168549;
2001, 0.000296923613173;
2002, 0.000271104168549;
2003, 0.000258194446237;
2004, 0.000284013890861;
2005, 0.000296923613173;
2006, 0.000387291669356;
2007, 0.000387291669356;
2008, 0.000367927085888;
2009, 0.000374381947044;
2010, 0.000387291669356;
2011, 0.0003808368082;
2012, 0.000387291669356;
2013, 0.000484114586695;
2014, 0.000484114586695;
