1988, 0.0277688126928;
1989, 0.028601489782;
1990, 0.0294987154826;
1991, 0.0300409238197;
1992, 0.0301635661817;
1993, 0.0304604897949;
1994, 0.0354565523296;
1995, 0.0359923058055;
1996, 0.0364183266418;
1997, 0.0372639134532;
1998, 0.0379223092911;
1999, 0.0384838822117;
2000, 0.0391293683273;
2001, 0.0397554898594;
2002, 0.040194420418;
2003, 0.0456745975394;
2004, 0.046526639212;
2005, 0.0473205871342;
2006, 0.0488181149223;
2007, 0.0509934031319;
2008, 0.0531622364803;
2009, 0.0554020733014;
2010, 0.0572933476201;
2011, 0.0639805837776;
2012, 0.065942861569;
2013, 0.0674403893572;
2014, 0.0684086185306;
