1988, 0.0244832883645;
1989, 0.0230244897432;
1990, 0.0295374446496;
1991, 0.0275751668582;
1992, 0.025290146009;
1993, 0.024050812667;
1994, 0.0231923161333;
1995, 0.0240701772505;
1996, 0.0239475348885;
1997, 0.0238248925266;
1998, 0.0233214133564;
1999, 0.0230438543267;
2000, 0.0227533855747;
2001, 0.0230825834936;
2002, 0.0232375001614;
2003, 0.0233407779399;
2004, 0.0230180348821;
2005, 0.0224177327946;
2006, 0.0218819793186;
2007, 0.0215592362608;
2008, 0.02127522237;
2009, 0.0207911077833;
2010, 0.0203715418081;
2011, 0.0200810730561;
2012, 0.019622777914;
2013, 0.019164482772;
2014, 0.0191128438827;
