1988, 0.00662268754599;
1989, 0.00680987851951;
1990, 0.00713907643847;
1991, 0.00740372574586;
1992, 0.00770064935903;
1993, 0.00812667019532;
1994, 0.00852041672584;
1995, 0.00881734033901;
1996, 0.00915299311912;
1997, 0.0096822917339;
1998, 0.0105214236842;
1999, 0.0111023611882;
2000, 0.0121803230013;
2001, 0.0125353403648;
2002, 0.0131162778689;
2003, 0.0138714966241;
2004, 0.0145234376009;
2005, 0.0152786563561;
2006, 0.016143607751;
2007, 0.0161500626122;
2008, 0.0165115348369;
2009, 0.0170085591459;
2010, 0.017260298731;
2011, 0.0177250487342;
2012, 0.0181833438763;
2013, 0.0183576251275;
2014, 0.0182930765159;
