1988, 0.0276009863028;
1989, 0.0284142988084;
1990, 0.0288984133951;
1991, 0.0295116252049;
1992, 0.0297956390958;
1993, 0.0303701217387;
1994, 0.031293166884;
1995, 0.0318289203599;
1996, 0.0321903925847;
1997, 0.0318224654988;
1998, 0.031293166884;
1999, 0.0304927641006;
2000, 0.0298408231239;
2001, 0.0369863544235;
2002, 0.0361214030286;
2003, 0.0354436426072;
2004, 0.0340364828753;
2005, 0.0326228682821;
2006, 0.0307380488246;
2007, 0.0298214585404;
2008, 0.0280140974168;
2009, 0.0268328578252;
2010, 0.0255031564271;
2011, 0.0242315487794;
2012, 0.0236699758588;
2013, 0.0228695730755;
2014, 0.0224435522392;
