1988, 0.00915299311912;
1989, 0.00950155562154;
1990, 0.00959837853888;
1991, 0.00986948270743;
1992, 0.0099469410413;
1993, 0.0102051354875;
1994, 0.0101147674314;
1995, 0.0101276771537;
1996, 0.00999857993055;
1997, 0.00964356256697;
1998, 0.00949510076038;
1999, 0.00922399659183;
2000, 0.00912717367449;
2001, 0.00892707297866;
2002, 0.00893998270097;
2003, 0.00899162159022;
2004, 0.0091852674249;
2005, 0.00941118756536;
2006, 0.00935309381495;
2007, 0.00949510076038;
2008, 0.00955964937194;
2009, 0.00966292715044;
2010, 0.009727475762;
2011, 0.00988884729089;
2012, 0.00986948270743;
2013, 0.00951446534385;
2014, 0.0094047327042;
