1988, 0.0010844166742;
1989, 0.00111023611882;
1990, 0.00111669097998;
1991, 0.00125224306425;
1992, 0.00136843056506;
1993, 0.00143943403777;
1994, 0.00141361459315;
1995, 0.00132970139812;
1996, 0.00140070487084;
1997, 0.00145879862124;
1998, 0.00149752778818;
1999, 0.00155562153858;
2000, 0.00161371528898;
2001, 0.0015814409832;
2002, 0.00164598959476;
2003, 0.00177508681788;
2004, 0.00182672570713;
2005, 0.00203328126412;
2006, 0.00209782987568;
2007, 0.00209782987568;
2008, 0.00229147571036;
2009, 0.00236893404423;
2010, 0.00231729515498;
2011, 0.00241411807232;
2012, 0.00261421876815;
2013, 0.00264649307393;
2014, 0.0028272291863;
