1988, 0.0846748686436;
1989, 0.0865596881011;
1990, 0.0876892888034;
1991, 0.0890318999238;
1992, 0.0901421360427;
1993, 0.0914201985515;
1994, 0.0924013374472;
1995, 0.0940021430139;
1996, 0.0963129833077;
1997, 0.0981267992925;
1998, 0.100314997224;
1999, 0.101948077097;
2000, 0.103387511135;
2001, 0.104336375725;
2002, 0.104865674339;
2003, 0.107079691716;
2004, 0.108615948671;
2005, 0.109371167426;
2006, 0.108093104917;
2007, 0.106285743794;
2008, 0.105046410452;
2009, 0.103949084055;
2010, 0.102096538903;
2011, 0.100786202089;
2012, 0.0987851951305;
2013, 0.097978337486;
2014, 0.0966034520597;
