1988, 0.00301442015982;
1989, 0.00322097571681;
1990, 0.00354371877461;
1991, 0.00370509030351;
1992, 0.00380191322085;
1993, 0.00401492363899;
1994, 0.00411820141749;
1995, 0.00435703128026;
1996, 0.00426020836292;
1997, 0.00430539239101;
1998, 0.00442803475297;
1999, 0.00453776739262;
2000, 0.00458295142071;
2001, 0.00485405558926;
2002, 0.00497024309007;
2003, 0.00531235073134;
2004, 0.0054930868437;
2005, 0.00566736809491;
2006, 0.00604820490311;
2007, 0.00626767018241;
2008, 0.00662268754599;
2009, 0.00692606602032;
2010, 0.00719071532771;
2011, 0.00746827435742;
2012, 0.00803630213914;
2013, 0.00840422922503;
2014, 0.00859787505971;
