1988, 0.0633221879397;
1989, 0.066852996992;
1990, 0.0692219310363;
1991, 0.0715263164689;
1992, 0.0742438130156;
1993, 0.0775809762332;
1994, 0.0794722505519;
1995, 0.0806663998657;
1996, 0.0841003860007;
1997, 0.0835710873859;
1998, 0.083738913776;
1999, 0.0838357366933;
2000, 0.0852041672584;
2001, 0.0863402228218;
2002, 0.088212132557;
2003, 0.0884445075586;
2004, 0.0891674520081;
2005, 0.0899743096526;
2006, 0.0896451117336;
2007, 0.0888188895057;
2008, 0.0879345735273;
2009, 0.0865274137953;
2010, 0.0857721950401;
2011, 0.0846684137824;
2012, 0.0835710873859;
2013, 0.0810601463963;
2014, 0.0793818824957;
