1988, 0.00481532642233;
1989, 0.00502188197932;
1990, 0.00540271878752;
1991, 0.00560281948335;
1992, 0.00564800351144;
1993, 0.00591910767999;
1994, 0.00637094796091;
1995, 0.00672596532449;
1996, 0.0067969687972;
1997, 0.0073972708847;
1998, 0.00781038199868;
1999, 0.00804921186145;
2000, 0.00803630213914;
2001, 0.00801693755567;
2002, 0.00816539936226;
2003, 0.00808794102839;
2004, 0.00797820838874;
2005, 0.00763610074747;
2006, 0.00754573269129;
2007, 0.00727462852274;
2008, 0.00699706949304;
2009, 0.00680342365836;
2010, 0.00686797226992;
2011, 0.00686797226992;
2012, 0.00683569796414;
2013, 0.00706161810459;
2014, 0.00731981255083;
