1988, 0.0361343127509;
1989, 0.0372445488698;
1990, 0.037670569706;
1991, 0.0381030454035;
1992, 0.0385548856844;
1993, 0.0386517086017;
1994, 0.0385290662398;
1995, 0.0385677954067;
1996, 0.0382450523489;
1997, 0.0383354204051;
1998, 0.0384451530448;
1999, 0.038496791934;
2000, 0.0389615419372;
2001, 0.0417371322343;
2002, 0.0416144898723;
2003, 0.0418016808458;
2004, 0.0430861982159;
2005, 0.0444804482256;
2006, 0.0450549308684;
2007, 0.0472043996334;
2008, 0.0494636010379;
2009, 0.051245142717;
2010, 0.0522133718904;
2011, 0.0533236080092;
2012, 0.0549373232982;
2013, 0.0561572920566;
2014, 0.0568092330334;
