1988, 0.00997921534708;
1989, 0.0101341320148;
1990, 0.0104375104891;
1991, 0.01072152438;
1992, 0.0111862743832;
1993, 0.0111540000775;
1994, 0.0113218264675;
1995, 0.0115542014691;
1996, 0.0119414931385;
1997, 0.0126708924491;
1998, 0.0136649410671;
1999, 0.0143491563496;
2000, 0.0143685209331;
2001, 0.0145621667678;
2002, 0.0146977188521;
2003, 0.014820361214;
2004, 0.0150398264933;
2005, 0.0149559132983;
2006, 0.0150204619099;
2007, 0.0146460799628;
2008, 0.0142136042654;
2009, 0.0142846077381;
2010, 0.0146267153794;
2011, 0.0147429028802;
2012, 0.014859090381;
2013, 0.0149881876041;
2014, 0.0153302952453;
