1988, 0.000516388892475;
1989, 0.000542208337099;
1990, 0.000580937504034;
1991, 0.000561572920566;
1992, 0.000561572920566;
1993, 0.000529298614787;
1994, 0.000639031254438;
1995, 0.000671305560217;
1996, 0.000658395837906;
1997, 0.000748763894089;
1998, 0.000897225700675;
1999, 0.000897225700675;
2000, 0.000935954867611;
2001, 0.00100695834033;
2002, 0.00101986806264;
2003, 0.00100050347917;
2004, 0.000961774312235;
2005, 0.00100695834033;
2006, 0.00101986806264;
2007, 0.000981138895702;
2008, 0.000961774312235;
2009, 0.000910135422987;
2010, 0.000923045145299;
2011, 0.000923045145299;
2012, 0.000890770839519;
2013, 0.000910135422987;
2014, 0.000923045145299;
