1988, 0.0251933230916;
1989, 0.0258839932353;
1990, 0.0257097119841;
1991, 0.0257807154568;
1992, 0.0255354307329;
1993, 0.0253030557313;
1994, 0.025541885594;
1995, 0.0259420869857;
1996, 0.0262777397658;
1997, 0.0279366390829;
1998, 0.0288596842282;
1999, 0.029350253676;
2000, 0.0298150036793;
2001, 0.0300215592363;
2002, 0.0302152050709;
2003, 0.0305314932676;
2004, 0.0307380488246;
2005, 0.0310220627154;
2006, 0.0314868127187;
2007, 0.0306024967403;
2008, 0.0302345696544;
2009, 0.0303055731271;
2010, 0.0301248370148;
2011, 0.0306283161849;
2012, 0.0306089516015;
2013, 0.0309768786873;
2014, 0.0313189863286;
