1988, 0.000193645834678;
1989, 0.000193645834678;
1990, 0.000193645834678;
1991, 0.00020655555699;
1992, 0.000193645834678;
1993, 0.00023882986277;
1994, 0.000264649307393;
1995, 0.000264649307393;
1996, 0.000271104168549;
1997, 0.000348562502421;
1998, 0.000374381947044;
1999, 0.00041311111398;
2000, 0.000329197918953;
2001, 0.00041311111398;
2002, 0.000355017363577;
2003, 0.000426020836292;
2004, 0.000471204864383;
2005, 0.000451840280916;
2006, 0.000477659725539;
2007, 0.000484114586695;
2008, 0.000497024309007;
2009, 0.000522843753631;
2010, 0.000606756948658;
2011, 0.000735854171777;
2012, 0.000742309032933;
2013, 0.000806857644492;
2014, 0.000981138895702;
