1988, 0.0397683995817;
1989, 0.0388776287422;
1990, 0.037670569706;
1991, 0.0363925071972;
1992, 0.0358696634435;
1993, 0.0351467189941;
1994, 0.0347787919082;
1995, 0.0344108648223;
1996, 0.0341655800984;
1997, 0.0350563509379;
1998, 0.0356372884419;
1999, 0.0364118717806;
2000, 0.0370831773409;
2001, 0.0377351183176;
2002, 0.0393746530512;
2003, 0.040026594028;
2004, 0.0398458579156;
2005, 0.0454228579543;
2006, 0.0452163023973;
2007, 0.0441964343347;
2008, 0.0441125211397;
2009, 0.0438736912769;
2010, 0.0443707155859;
2011, 0.0446740940602;
2012, 0.0446547294768;
2013, 0.0448871044784;
2014, 0.0451323892023;
