1988, 0.334632912046;
1989, 0.345851460735;
1990, 0.353707026762;
1991, 0.362679283769;
1992, 0.370173377571;
1993, 0.37938446444;
1994, 0.386826919353;
1995, 0.391706794387;
1996, 0.402163669459;
1997, 0.394650211074;
1998, 0.39160997147;
1999, 0.387988794361;
2000, 0.39105485341;
2001, 0.396141284001;
2002, 0.415518777191;
2003, 0.425859464763;
2004, 0.437026374563;
2005, 0.445508062122;
2006, 0.454680419824;
2007, 0.456410322614;
2008, 0.461232103897;
2009, 0.469436232427;
2010, 0.47995120125;
2011, 0.488936367979;
2012, 0.499870902777;
2013, 0.504428034753;
2014, 0.503698635442;
