1988, 0.00859142019855;
1989, 0.0085849653374;
1990, 0.00851396186468;
1991, 0.00854623617046;
1992, 0.00879152089439;
1993, 0.00897871186791;
1994, 0.00873988200514;
1995, 0.00855269103162;
1996, 0.0087011528382;
1997, 0.00864951394895;
1998, 0.00883025006132;
1999, 0.00909489936871;
2000, 0.00914653825796;
2001, 0.00907553478525;
2002, 0.00913362853565;
2003, 0.00926272575877;
2004, 0.00957255909425;
2005, 0.00974038548431;
2006, 0.00981138895702;
2007, 0.0104568750726;
2008, 0.0108118924362;
2009, 0.0110636320213;
2010, 0.0115735660526;
2011, 0.0120964098062;
2012, 0.0124385174475;
2013, 0.0126450730045;
2014, 0.0127418959218;
