1991, 0.0150850105214;
1992, 0.0146331702405;
1993, 0.0144717987116;
1994, 0.0143427014885;
1995, 0.0143039723216;
1996, 0.0141490556538;
1997, 0.0137294896787;
1998, 0.0133486528705;
1999, 0.0132582848143;
2000, 0.0135164792605;
2001, 0.0140909619034;
2002, 0.0143749757943;
2003, 0.014820361214;
2004, 0.015562670247;
2005, 0.0159435070552;
2006, 0.016517989698;
2007, 0.0171828403971;
2008, 0.0174087605376;
2009, 0.0176024063722;
2010, 0.0178606008185;
2011, 0.0177508681788;
2012, 0.0175959515111;
2013, 0.0174733091491;
2014, 0.016847187617;
