1988, 0.0259291772634;
1989, 0.0256774376783;
1990, 0.0256193439279;
1991, 0.0258000800403;
1992, 0.0254515175379;
1993, 0.0247737571165;
1994, 0.0244768335033;
1995, 0.0233601425233;
1996, 0.0219529827913;
1997, 0.0207652883386;
1998, 0.0196550522198;
1999, 0.018628729296;
2000, 0.0174023056764;
2001, 0.0169504653955;
2002, 0.0164534410865;
2003, 0.0159499619163;
2004, 0.0155174862189;
2005, 0.0156272188585;
2006, 0.01552394108;
2007, 0.0147429028802;
2008, 0.0145492570455;
2009, 0.0142975174604;
2010, 0.0139876841249;
2011, 0.0140909619034;
2012, 0.0137359445398;
2013, 0.0141296910703;
2014, 0.014362066072;
