1988, 0.00448612850338;
1989, 0.00472495836615;
1990, 0.0049508785066;
1991, 0.00531880559249;
1992, 0.00555118059411;
1993, 0.005712552123;
1994, 0.00608693407005;
1995, 0.00640322226669;
1996, 0.00661623268483;
1997, 0.0067969687972;
1998, 0.00713262157731;
1999, 0.00755218755245;
2000, 0.00790720491602;
2001, 0.00790075005487;
2002, 0.00799757297221;
2003, 0.00813312505648;
2004, 0.00806857644492;
2005, 0.00806857644492;
2006, 0.0079394792218;
2007, 0.00782974658215;
2008, 0.00759737158054;
2009, 0.0072810833839;
2010, 0.00684860768645;
2011, 0.00648713546172;
2012, 0.00633221879397;
2013, 0.00600947573618;
2014, 0.00582873962381;
