1988, 0.0332425349531;
1989, 0.0330940731465;
1990, 0.0334168162043;
1991, 0.0335781877332;
1992, 0.0332941738423;
1993, 0.0327455106441;
1994, 0.0325970488375;
1995, 0.0314545384129;
1996, 0.0304217606279;
1997, 0.0293244342314;
1998, 0.0277817224152;
1999, 0.0256838925395;
2000, 0.0246833890603;
2001, 0.0237474341927;
2002, 0.0232504098837;
2003, 0.0227792050193;
2004, 0.0221272640426;
2005, 0.0216818786228;
2006, 0.0222757258491;
2007, 0.0220562605698;
2008, 0.0219336182079;
2009, 0.0212494029253;
2010, 0.0209202050064;
2011, 0.0207523786163;
2012, 0.0206491008378;
2013, 0.0203457223635;
2014, 0.0204167258362;
