1988, 0.0142071494042;
1989, 0.0139941389861;
1990, 0.0144072501001;
1991, 0.0145169827397;
1992, 0.0146460799628;
1993, 0.0143039723216;
1994, 0.0138973160687;
1995, 0.0135164792605;
1996, 0.0130904584242;
1997, 0.0123287848078;
1998, 0.0117994861931;
1999, 0.0115348368857;
2000, 0.0115283820245;
2001, 0.0115993854972;
2002, 0.0119737674443;
2003, 0.0115412917468;
2004, 0.0111410903551;
2005, 0.0102890486826;
2006, 0.00963710770581;
2007, 0.00919172228605;
2008, 0.00906907992409;
2009, 0.00899162159022;
2010, 0.0093014549257;
2011, 0.00950155562154;
2012, 0.00995985076361;
2013, 0.00972102090084;
2014, 0.00990175701321;
