1988, 0.00159435070552;
1989, 0.0016847187617;
1990, 0.00164598959476;
1991, 0.00178799654019;
1992, 0.00183318056829;
1993, 0.00176217709557;
1994, 0.00185900001291;
1995, 0.001904184041;
1996, 0.0016847187617;
1997, 0.00178154167904;
1998, 0.0020074618195;
1999, 0.00194291320794;
2000, 0.00195582293025;
2001, 0.00207846529221;
2002, 0.00211719445915;
2003, 0.00240766321116;
2004, 0.00237538890538;
2005, 0.00221401737649;
2006, 0.00220756251533;
2007, 0.00218819793186;
2008, 0.0022850208492;
2009, 0.0023431145996;
2010, 0.00234956946076;
2011, 0.00243348265579;
2012, 0.00255612501775;
2013, 0.00265940279625;
2014, 0.00267876737971;
