1988, 0.024134725862;
1989, 0.0234182362737;
1990, 0.0230051251598;
1991, 0.0220368959864;
1992, 0.0214624133435;
1993, 0.0206749202825;
1994, 0.0203715418081;
1995, 0.0200810730561;
1996, 0.019622777914;
1997, 0.0195453195802;
1998, 0.0195065904132;
1999, 0.0198035140264;
2000, 0.0203005383354;
2001, 0.0207330140329;
2002, 0.0211461251468;
2003, 0.0218432501517;
2004, 0.0227921147416;
2005, 0.0236957953034;
2006, 0.0243864654471;
2007, 0.0258839932353;
2008, 0.0273879758846;
2009, 0.0283174758911;
2010, 0.0292598856199;
2011, 0.0305121286841;
2012, 0.0318289203599;
2013, 0.033158621758;
2014, 0.0339202953744;
