1988, 0.000419565975136;
1989, 0.000451840280916;
1990, 0.000451840280916;
1991, 0.000484114586695;
1992, 0.000400201391668;
1993, 0.000400201391668;
1994, 0.0003808368082;
1995, 0.000361472224732;
1996, 0.000393746530512;
1997, 0.000438930558604;
1998, 0.000471204864383;
1999, 0.000471204864383;
2000, 0.00041311111398;
2001, 0.000458295142071;
2002, 0.000477659725539;
2003, 0.000509934031319;
2004, 0.000497024309007;
2005, 0.000768128477556;
2006, 0.000800402783336;
2007, 0.000890770839519;
2008, 0.000871406256051;
2009, 0.000871406256051;
2010, 0.000864951394895;
2011, 0.000942409728767;
2012, 0.00104568750726;
2013, 0.00112314584113;
2014, 0.00109087153535;
