1988, 0.00447321878106;
1989, 0.00465395489343;
1990, 0.00458940628187;
1991, 0.00486051045042;
1992, 0.00412465627864;
1993, 0.00424729864061;
1994, 0.00415047572327;
1995, 0.00560927434451;
1996, 0.00560927434451;
1997, 0.00580292017919;
1998, 0.00595783684693;
1999, 0.00580937504034;
2000, 0.00639676740553;
2001, 0.00644840629478;
2002, 0.00602884031964;
2003, 0.00569318753954;
2004, 0.00591265281884;
2005, 0.00584810420728;
2006, 0.00604820490311;
2007, 0.00601593059733;
2008, 0.00652586462865;
2009, 0.00629994448819;
2010, 0.00634512851629;
2011, 0.00669369101871;
2012, 0.00706807296575;
2013, 0.0072358993558;
2014, 0.0075005486632;
