1988, 0.000393746530512;
1989, 0.000458295142071;
1990, 0.000464750003227;
1991, 0.000497024309007;
1992, 0.000484114586695;
1993, 0.000535753475943;
1994, 0.000555118059411;
1995, 0.000509934031319;
1996, 0.000580937504034;
1997, 0.000535753475943;
1998, 0.000509934031319;
1999, 0.000542208337099;
2000, 0.000574482642878;
2001, 0.000568027781722;
2002, 0.000535753475943;
2003, 0.000542208337099;
2004, 0.000490569447851;
2005, 0.000490569447851;
2006, 0.000471204864383;
2007, 0.000490569447851;
2008, 0.000561572920566;
2009, 0.000529298614787;
2010, 0.000548663198255;
2011, 0.000658395837906;
2012, 0.000677760421373;
2013, 0.000671305560217;
2014, 0.000703579865997;
