1988, 0.0375221078995;
1989, 0.0377222085953;
1990, 0.038328965544;
1991, 0.0388453544364;
1992, 0.0395941183305;
1993, 0.0407624481997;
1994, 0.0421179690425;
1995, 0.0434863996075;
1996, 0.0439834239166;
1997, 0.0476885142201;
1998, 0.0508965802146;
1999, 0.0530395941183;
2000, 0.0550728753825;
2001, 0.0566349517822;
2002, 0.0579194691522;
2003, 0.059649371942;
2004, 0.0608241566724;
2005, 0.0618956636243;
2006, 0.0633867365513;
2007, 0.062173222654;
2008, 0.0613921844541;
2009, 0.0611339900079;
2010, 0.0618182052904;
2011, 0.0624572365448;
2012, 0.0635287434967;
2013, 0.063954764333;
2014, 0.0645421566982;
