1988, 0.0133680174539;
1989, 0.0136003924556;
1990, 0.0142006945431;
1991, 0.014529892462;
1992, 0.014820361214;
1993, 0.0152592917726;
1994, 0.0159176876105;
1995, 0.0168020035889;
1996, 0.0169569202566;
1997, 0.0179703334581;
1998, 0.0188675591588;
1999, 0.0195711390248;
2000, 0.0200810730561;
2001, 0.0192806702728;
2002, 0.0197647848595;
2003, 0.0198616077768;
2004, 0.0199197015272;
2005, 0.020074618195;
2006, 0.020449000142;
2007, 0.020074618195;
2008, 0.0198874272214;
2009, 0.0199132466661;
2010, 0.0200294341669;
2011, 0.0200810730561;
2012, 0.0200423438892;
2013, 0.02032635778;
2014, 0.020655555699;
