1994, 0.00211073959799;
1995, 0.00233020487729;
1996, 0.0023431145996;
1997, 0.00229147571036;
1998, 0.00236893404423;
1999, 0.00235602432192;
2000, 0.00236893404423;
2001, 0.00242702779463;
2002, 0.00237538890538;
2003, 0.00227856598805;
2004, 0.00225920140458;
2005, 0.00227856598805;
2006, 0.00225920140458;
2007, 0.00237538890538;
2008, 0.00253676043428;
2009, 0.00259485418469;
2010, 0.00279495488052;
2011, 0.0029886007152;
2012, 0.0031499722441;
2013, 0.00335007293993;
2014, 0.00348562502421;
