1988, 0.00391810072165;
1989, 0.00411820141749;
1990, 0.00430539239101;
1991, 0.00449903822569;
1992, 0.0047314132273;
1993, 0.00494442364545;
1994, 0.00495733336776;
1995, 0.00515097920244;
1996, 0.00537044448174;
1997, 0.00756509727476;
1998, 0.00795238894411;
1999, 0.00835904519694;
2000, 0.00865596881011;
2001, 0.00890125353404;
2002, 0.00931436464802;
2003, 0.00949510076038;
2004, 0.0100114896529;
2005, 0.0103665070164;
2006, 0.0108570764643;
2007, 0.0113992848014;
2008, 0.0117349375815;
2009, 0.0120254063335;
2010, 0.0123287848078;
2011, 0.0125740695318;
2012, 0.0127160764772;
2013, 0.0129355417565;
2014, 0.013161461897;
