1988, 0.131311240495;
1989, 0.130317191877;
1990, 0.130756122436;
1991, 0.131117594661;
1992, 0.132350473141;
1993, 0.134106195376;
1994, 0.136668775255;
1995, 0.139618646803;
1996, 0.142491060017;
1997, 0.145937955875;
1998, 0.14759040033;
1999, 0.149907695485;
2000, 0.152528369115;
2001, 0.156304462891;
2002, 0.157937542763;
2003, 0.157576070539;
2004, 0.156343192058;
2005, 0.153438504538;
2006, 0.151411678135;
2007, 0.148416622558;
2008, 0.145718490595;
2009, 0.144143504473;
2010, 0.141154903758;
2011, 0.13786937943;
2012, 0.134448303017;
2013, 0.131859903693;
2014, 0.130291372433;
