1988, 0.00387291669356;
1989, 0.0039116458605;
1990, 0.0107473438246;
1991, 0.0106053368792;
1992, 0.0103213229883;
1993, 0.0104633299338;
1994, 0.0101986806264;
1995, 0.0100114896529;
1996, 0.0101793160429;
1997, 0.0101922257652;
1998, 0.0101728611818;
1999, 0.0101599514594;
2000, 0.010308413266;
2001, 0.0102890486826;
2002, 0.0101470417371;
2003, 0.0101276771537;
2004, 0.0100502188198;
2005, 0.0099469410413;
2006, 0.00975329520662;
2007, 0.00949510076038;
2008, 0.00915944798027;
2009, 0.00882379520017;
2010, 0.00853332644815;
2011, 0.00857205561508;
2012, 0.00837840978041;
2013, 0.00837840978041;
2014, 0.00823640283498;
