1988, 0.0418275002905;
1989, 0.0410529169518;
1990, 0.0404203405585;
1991, 0.0399362259718;
1992, 0.0401556912511;
1993, 0.0400524134726;
1994, 0.0401750558345;
1995, 0.0398652224991;
1996, 0.0398845870825;
1997, 0.0401621461122;
1998, 0.0410464620906;
1999, 0.0420017815417;
2000, 0.0432088405778;
2001, 0.0435574030803;
2002, 0.0441577051678;
2003, 0.0443384412801;
2004, 0.0442416183628;
2005, 0.044538541976;
2006, 0.0443836253082;
2007, 0.0442028891959;
2008, 0.0435703128026;
2009, 0.043299208634;
2010, 0.0424213475168;
2011, 0.0422857954325;
2012, 0.0414466634823;
2013, 0.040607531532;
2014, 0.0401363266676;
