1988, 0.000374381947044;
1989, 0.000393746530512;
1990, 0.000387291669356;
1991, 0.000374381947044;
1992, 0.000342107641265;
1993, 0.000361472224732;
1994, 0.000258194446237;
1995, 0.000213010418146;
1996, 0.000258194446237;
1997, 0.000374381947044;
1998, 0.000432475697448;
1999, 0.000458295142071;
2000, 0.00041311111398;
2001, 0.000432475697448;
2002, 0.000438930558604;
2003, 0.000484114586695;
2004, 0.000464750003227;
2005, 0.000497024309007;
2006, 0.000593847226346;
2007, 0.000703579865997;
2008, 0.000677760421373;
2009, 0.000703579865997;
2010, 0.000755218755245;
2011, 0.000768128477556;
2012, 0.00079394792218;
2013, 0.000735854171777;
2014, 0.000890770839519;
