1988, 0.00615793754276;
1989, 0.005712552123;
1990, 0.00516388892475;
1991, 0.0048927847562;
1992, 0.00457649655956;
1993, 0.00466040975459;
1994, 0.00443448961413;
1995, 0.00431184725217;
1996, 0.00425375350176;
1997, 0.00427957294639;
1998, 0.00430539239101;
1999, 0.00442803475297;
2000, 0.00461522572649;
2001, 0.00466040975459;
2002, 0.00465395489343;
2003, 0.00468622919921;
2004, 0.00496378822892;
2005, 0.00525425698093;
2006, 0.00546081253792;
2007, 0.00537044448174;
2008, 0.00539626392636;
2009, 0.00535753475943;
2010, 0.00550599656601;
2011, 0.00579001045688;
2012, 0.00595138198577;
2013, 0.00600302087502;
2014, 0.00593201740231;
