1988, 0.0510837711881;
1989, 0.0553697989956;
1990, 0.058823149714;
1991, 0.0615793754276;
1992, 0.0646325247544;
1993, 0.0672854726895;
1994, 0.0697125004841;
1995, 0.0705903616013;
1996, 0.0712874866062;
1997, 0.0694801254825;
1998, 0.0681246046398;
1999, 0.067388750468;
2000, 0.066852996992;
2001, 0.0669691844928;
2002, 0.0668271775474;
2003, 0.0675436671357;
2004, 0.0669562747705;
2005, 0.0674532990795;
2006, 0.0675178476911;
2007, 0.067595306025;
2008, 0.0678147713043;
2009, 0.0694026671486;
2010, 0.0716683234144;
2011, 0.0732303998141;
2012, 0.0742244484321;
2013, 0.075173313022;
2014, 0.0749603026039;
