1988, 0.00194291320794;
1989, 0.00203328126412;
1990, 0.00207201043106;
1991, 0.00209137501452;
1992, 0.00208492015337;
1993, 0.00205264584759;
1994, 0.00207201043106;
1995, 0.00218819793186;
1996, 0.00236247918307;
1997, 0.00237538890538;
1998, 0.00243993751694;
1999, 0.00243993751694;
2000, 0.00254321529544;
2001, 0.00262067362931;
2002, 0.00273686113012;
2003, 0.00286595835324;
2004, 0.00317579168872;
2005, 0.00319515627219;
2006, 0.00351144446883;
2007, 0.00360181252501;
2008, 0.003808368082;
2009, 0.00392455558281;
2010, 0.00398910419437;
2011, 0.00422147919598;
2012, 0.00424729864061;
2013, 0.00463459030996;
2014, 0.00468622919921;
