1992, 0.00993403131899;
1993, 0.00991466673552;
1994, 0.00955319451079;
1995, 0.00901098617369;
1996, 0.00863660422664;
1997, 0.00822994797382;
1998, 0.00806212158376;
1999, 0.0075586424136;
2000, 0.0075586424136;
2001, 0.00730690282852;
2002, 0.00747472921857;
2003, 0.0075005486632;
2004, 0.00728753824505;
2005, 0.00742954519048;
2006, 0.00717135074425;
2007, 0.00633867365513;
2008, 0.00626121532126;
2009, 0.00601593059733;
2010, 0.00611275351467;
2011, 0.00629994448819;
2012, 0.00631930907166;
2013, 0.00622894101548;
2014, 0.00593847226346;
