1988, 0.0101986806264;
1989, 0.0108764410478;
1990, 0.0113476459121;
1991, 0.0117284827203;
1992, 0.01183821536;
1993, 0.0122255070293;
1994, 0.0137165799564;
1995, 0.0137746737068;
1996, 0.0139231355134;
1997, 0.0136068473167;
1998, 0.0136391216225;
1999, 0.0133421980093;
2000, 0.0131356424523;
2001, 0.0130194549515;
2002, 0.0133809271763;
2003, 0.0135229341217;
2004, 0.0135293889828;
2005, 0.0137553091233;
2006, 0.0135810278721;
2007, 0.0137617639845;
2008, 0.013451930649;
2009, 0.0132260105085;
2010, 0.0134261112043;
2011, 0.0136907605117;
2012, 0.013245375092;
2013, 0.0130323646738;
2014, 0.0124514271698;
