1988, 0.0770516776184;
1989, 0.0760640838616;
1990, 0.0746504692684;
1991, 0.0731916706472;
1992, 0.0709453789649;
1993, 0.0694349414544;
1994, 0.0675888511638;
1995, 0.0645227921147;
1996, 0.0620957643201;
1997, 0.0603594066692;
1998, 0.0580162920696;
1999, 0.0534914343992;
2000, 0.04975406979;
2001, 0.0484372781141;
2002, 0.0474625940796;
2003, 0.0461845315707;
2004, 0.0449903822569;
2005, 0.0443255315578;
2006, 0.043383121829;
2007, 0.04288609752;
2008, 0.0428925523812;
2009, 0.0426537225184;
2010, 0.0429183718258;
2011, 0.0429506461316;
2012, 0.0429506461316;
2013, 0.042389073211;
2014, 0.0420082364028;
