1988, 0.00626767018241;
1989, 0.00658395837906;
1990, 0.00683569796414;
1991, 0.00704225352113;
1992, 0.00726817366158;
1993, 0.00739081602355;
1994, 0.00755218755245;
1995, 0.00770710422019;
1996, 0.016143607751;
1997, 0.0166212674765;
1998, 0.0171118369244;
1999, 0.0176153160946;
2000, 0.0181510695705;
2001, 0.018667458463;
2002, 0.0190031112431;
2003, 0.0189966563819;
2004, 0.0193064897174;
2005, 0.019577593886;
2006, 0.02015853139;
2007, 0.0205393681982;
2008, 0.021236493203;
2009, 0.0218367952905;
2010, 0.0222821807103;
2011, 0.0226049237681;
2012, 0.0231277675217;
2013, 0.023469875163;
2014, 0.0238507119712;
