1988, 0.0742244484321;
1989, 0.0743212713495;
1990, 0.0741598998206;
1991, 0.0760769935839;
1992, 0.0772453234531;
1993, 0.0775099727605;
1994, 0.0770839519242;
1995, 0.0756638824699;
1996, 0.0739017053743;
1997, 0.0729270213398;
1998, 0.0704806289617;
1999, 0.0687700907553;
2000, 0.0667949032416;
2001, 0.0658654032352;
2002, 0.065194097675;
2003, 0.0630058997431;
2004, 0.0625411497399;
2005, 0.062379778211;
2006, 0.0622894101548;
2007, 0.0620312157086;
2008, 0.061263087231;
2009, 0.0617536566788;
2010, 0.0621474032094;
2011, 0.0621667677928;
2012, 0.0636965698868;
2013, 0.0639934935;
2014, 0.0649294483676;
