1988, 0.0242057293348;
1989, 0.0251997779528;
1990, 0.0260195453196;
1991, 0.0265423890732;
1992, 0.0268199481029;
1993, 0.0270781425492;
1994, 0.0270523231045;
1995, 0.0271362362996;
1996, 0.027400885607;
1997, 0.0268715869922;
1998, 0.0258517189295;
1999, 0.0254837918436;
2000, 0.0252578717032;
2001, 0.0254256980932;
2002, 0.0259679064303;
2003, 0.0261680071262;
2004, 0.0260970036535;
2005, 0.0260453647642;
2006, 0.0257936251791;
2007, 0.0256516182337;
2008, 0.0256128890668;
2009, 0.0253611494817;
2010, 0.0255870696221;
2011, 0.0257678057345;
2012, 0.0254063335098;
2013, 0.0251094098966;
2014, 0.0246962987826;
