1988, 0.0184350834614;
1989, 0.0185512709622;
1990, 0.0187578265192;
1991, 0.0188417397142;
1992, 0.0189062883257;
1993, 0.0188611042976;
1994, 0.0190482952712;
1995, 0.0188869237423;
1996, 0.0187578265192;
1997, 0.023179406411;
1998, 0.0228243890474;
1999, 0.0227985696028;
2000, 0.0224822814061;
2001, 0.0223790036276;
2002, 0.0222821807103;
2003, 0.0221337189037;
2004, 0.0221401737649;
2005, 0.0221143543202;
2006, 0.0220046216806;
2007, 0.0219013439021;
2008, 0.0217399723732;
2009, 0.0218884341798;
2010, 0.0217399723732;
2011, 0.0214301390377;
2012, 0.0213010418146;
2013, 0.0207717431998;
2014, 0.020365086947;
