1988, 9.6822917339e-05;
1989, 0.000109732639651;
1990, 0.000103277778495;
1991, 7.10034727153e-05;
1992, 9.6822917339e-05;
1993, 8.39131950272e-05;
1994, 7.74583338712e-05;
1995, 0.00017428125121;
1996, 0.00020655555699;
1997, 0.000213010418146;
1998, 0.000180736112366;
1999, 0.000187190973522;
2000, 0.000161371528898;
2001, 0.000122642361963;
2002, 0.000135552084275;
2003, 0.00017428125121;
2004, 0.000187190973522;
2005, 0.00020655555699;
2006, 0.000213010418146;
2007, 0.000232375001614;
2008, 0.000213010418146;
2009, 0.000271104168549;
2010, 0.000329197918953;
2011, 0.000387291669356;
2012, 0.000477659725539;
2013, 0.000503479170163;
2014, 0.000542208337099;
