1988, 0.118724261241;
1989, 0.11888563277;
1990, 0.120008778611;
1991, 0.120273427919;
1992, 0.121190018203;
1993, 0.121428848065;
1994, 0.120789816811;
1995, 0.122048514736;
1996, 0.121377209176;
1997, 0.121415938343;
1998, 0.121409483482;
1999, 0.121112559869;
2000, 0.120589716115;
2001, 0.120202424446;
2002, 0.117478473038;
2003, 0.115122448716;
2004, 0.112534049393;
2005, 0.106776313242;
2006, 0.101309045842;
2007, 0.0966486360878;
2008, 0.0910974554937;
2009, 0.0888576186726;
2010, 0.0864435006003;
2011, 0.0842036637792;
2012, 0.0826157679348;
2013, 0.0808729554227;
2014, 0.0807632227831;
