1988, 0.0195195001356;
1989, 0.0183705348498;
1990, 0.017221569564;
1991, 0.0158079549709;
1992, 0.0148074514917;
1993, 0.0138456771795;
1994, 0.0131808264804;
1995, 0.0126644375879;
1996, 0.0121415938343;
1997, 0.0123223299467;
1998, 0.0114961077187;
1999, 0.0113670104956;
2000, 0.011257277856;
2001, 0.010844166742;
2002, 0.0110571771601;
2003, 0.0108570764643;
2004, 0.0105085139619;
2005, 0.0102761389603;
2006, 0.0101857709041;
2007, 0.0101083125702;
2008, 0.0103019584049;
2009, 0.0102115903487;
2010, 0.0102115903487;
2011, 0.0105859722957;
2012, 0.0111798195221;
2013, 0.0111410903551;
2014, 0.0111023611882;
