1988, 0.0048346910058;
1989, 0.00486696531158;
1990, 0.00493151392314;
1991, 0.00506706600741;
1992, 0.00513806948013;
1993, 0.00529944100902;
1994, 0.005215527814;
1995, 0.00496378822892;
1996, 0.00484760072811;
1997, 0.00484114586695;
1998, 0.00469268406037;
1999, 0.00464750003227;
2000, 0.00459586114303;
2001, 0.00461522572649;
2002, 0.00479596183886;
2003, 0.00474432294961;
2004, 0.0046733194769;
2005, 0.0048346910058;
2006, 0.00497024309007;
2007, 0.00492505906198;
2008, 0.00495733336776;
2009, 0.00493151392314;
2010, 0.00518325350822;
2011, 0.00528007642556;
2012, 0.00532526045365;
2013, 0.00556409031642;
2014, 0.00577710073456;
