1988, 0.000839131950272;
1989, 0.000800402783336;
1990, 0.000742309032933;
1991, 0.000819767366804;
1992, 0.000755218755245;
1993, 0.000839131950272;
1994, 0.000923045145299;
1995, 0.000942409728767;
1996, 0.000994048618014;
1997, 0.00100050347917;
1998, 0.00110378125767;
1999, 0.00123287848078;
2000, 0.0012457882031;
2001, 0.00120705903616;
2002, 0.00123287848078;
2003, 0.00118123959154;
2004, 0.001200604175;
2005, 0.00127160764772;
2006, 0.00125224306425;
2007, 0.00129742709234;
2008, 0.00140715973199;
2009, 0.00138779514853;
2010, 0.00136843056506;
2011, 0.00142652431546;
2012, 0.00152980209396;
2013, 0.00160080556667;
2014, 0.00176863195673;
