1988, 0.0425246252953;
1989, 0.0414402086211;
1990, 0.0398974968048;
1991, 0.0389873613819;
1992, 0.0380384967919;
1993, 0.037212274564;
1994, 0.0363795974749;
1995, 0.0365409690038;
1996, 0.0371541808136;
1997, 0.0484630975588;
1998, 0.0489084829785;
1999, 0.049302229509;
2000, 0.0498702572908;
2001, 0.0507545732691;
2002, 0.0513355107732;
2003, 0.0524263823085;
2004, 0.0527555802275;
2005, 0.0530847781464;
2006, 0.0519164482772;
2007, 0.0511354100773;
2008, 0.0508965802146;
2009, 0.0509482191038;
2010, 0.0510902260492;
2011, 0.0509804934096;
2012, 0.0505867468791;
2013, 0.049547514233;
2014, 0.0496830663172;
