1988, 0.0157756806651;
1989, 0.0161306980287;
1990, 0.0165373542815;
1991, 0.0164921702534;
1992, 0.0164598959476;
1993, 0.0162597952518;
1994, 0.0158660487213;
1995, 0.0152011980222;
1996, 0.0150010973264;
1997, 0.0144330695447;
1998, 0.0147429028802;
1999, 0.0146848091298;
2000, 0.0147106285744;
2001, 0.014032868153;
2002, 0.0139683195414;
2003, 0.0136391216225;
2004, 0.0135487535663;
2005, 0.0132970139812;
2006, 0.0134583855101;
2007, 0.0135035695382;
2008, 0.0131679167581;
2009, 0.0133099237035;
2010, 0.0130710938408;
2011, 0.01295490634;
2012, 0.0131679167581;
2013, 0.0132905591201;
2014, 0.0134454757878;
