1988, 0.10028917778;
1989, 0.100482823614;
1990, 0.101050851396;
1991, 0.101935167375;
1992, 0.102483830573;
1993, 0.103742528498;
1994, 0.105465976427;
1995, 0.10704741741;
1996, 0.110487858406;
1997, 0.133196059953;
1998, 0.139289448884;
1999, 0.145034275313;
2000, 0.149643046178;
2001, 0.152818837867;
2002, 0.156097907334;
2003, 0.158460386517;
2004, 0.160145105279;
2005, 0.161778185151;
2006, 0.162546313629;
2007, 0.162681865713;
2008, 0.162410761545;
2009, 0.162178386543;
2010, 0.162746414325;
2011, 0.165173442119;
2012, 0.16836214353;
2013, 0.170459973406;
2014, 0.173196834536;
