1988, 0.03568247247;
1989, 0.0346238752404;
1990, 0.0335330037051;
1991, 0.0320161113334;
1992, 0.0300861078478;
1993, 0.0289435974232;
1994, 0.0279947328333;
1995, 0.0271362362996;
1996, 0.026452021017;
1997, 0.0263874724055;
1998, 0.02607763907;
1999, 0.0255160661494;
2000, 0.0251610487858;
2001, 0.0251094098966;
2002, 0.0253159654536;
2003, 0.0253417848982;
2004, 0.0251933230916;
2005, 0.0253224203147;
2006, 0.0250513161462;
2007, 0.0249674029512;
2008, 0.0249351286454;
2009, 0.0254902467048;
2010, 0.0255741598998;
2011, 0.0257290765676;
2012, 0.0255870696221;
2013, 0.0256838925395;
2014, 0.0257936251791;
