1988, 0.0180219723474;
1989, 0.0182801667936;
1990, 0.0181962535986;
1991, 0.0181833438763;
1992, 0.0182156181821;
1993, 0.018460902906;
1994, 0.0188998334646;
1995, 0.0193581286067;
1996, 0.0192548508282;
1997, 0.0187642813803;
1998, 0.0187126424911;
1999, 0.0186029098514;
2000, 0.0184673577671;
2001, 0.0188869237423;
2002, 0.0195582293025;
2003, 0.0194097674959;
2004, 0.0191128438827;
2005, 0.0185060869341;
2006, 0.018047791792;
2007, 0.0178993299854;
2008, 0.0174216702599;
2009, 0.0170021042847;
2010, 0.0168859167839;
2011, 0.0163437084468;
2012, 0.0159305973329;
2013, 0.0155691251081;
2014, 0.0152722014949;
