1988, 0.016556718865;
1989, 0.016763274422;
1990, 0.017428125121;
1991, 0.017466854288;
1992, 0.0176153160946;
1993, 0.0178735105408;
1994, 0.0179703334581;
1995, 0.0183124410994;
1996, 0.0183318056829;
1997, 0.0187707362415;
1998, 0.01904184041;
1999, 0.0194162223571;
2000, 0.0196292327752;
2001, 0.0202618091685;
2002, 0.0207071945882;
2003, 0.0208233820891;
2004, 0.0209266598675;
2005, 0.0218367952905;
2006, 0.0228243890474;
2007, 0.0244187397529;
2008, 0.0258452640684;
2009, 0.0276332606086;
2010, 0.0289952363125;
2011, 0.029969920347;
2012, 0.0311769793832;
2013, 0.0320419307781;
2014, 0.033074708563;
