1988, 0.0231277675217;
1989, 0.022230541821;
1990, 0.0212235834807;
1991, 0.020655555699;
1992, 0.0198616077768;
1993, 0.019371038329;
1994, 0.0188223751307;
1995, 0.0185706355456;
1996, 0.0187061876299;
1997, 0.0188546494365;
1998, 0.0190547501323;
1999, 0.0190741147158;
2000, 0.0192419411058;
2001, 0.0192290313835;
2002, 0.0192419411058;
2003, 0.0188288299919;
2004, 0.0188804688811;
2005, 0.0188546494365;
2006, 0.0186868230464;
2007, 0.0178025070681;
2008, 0.0173700313706;
2009, 0.0174216702599;
2010, 0.0172409341475;
2011, 0.017466854288;
2012, 0.0173764862318;
2013, 0.017550767483;
2014, 0.0178799654019;
