1988, 0.00138779514853;
1989, 0.00151043751049;
1990, 0.00148461806587;
1991, 0.00153625695511;
1992, 0.00158789584436;
1993, 0.00151689237165;
1994, 0.00160726042783;
1995, 0.0016847187617;
1996, 0.00175572223441;
1997, 0.0023882986277;
1998, 0.00240120835001;
1999, 0.00249803126735;
2000, 0.00254321529544;
2001, 0.00272395140781;
2002, 0.00269167710203;
2003, 0.00277559029705;
2004, 0.00289177779786;
2005, 0.00302087502098;
2006, 0.00321452085566;
2007, 0.00337589238455;
2008, 0.00346626044074;
2009, 0.00372445488698;
2010, 0.00404719794477;
2011, 0.00416984030674;
2012, 0.00421502433483;
2013, 0.00434412155795;
2014, 0.00458295142071;
