1988, 0.00622248615432;
1989, 0.00653231948981;
1990, 0.00688088199223;
1991, 0.00708743754922;
1992, 0.00724880907812;
1993, 0.00752636810782;
1994, 0.00765546533094;
1995, 0.00765546533094;
1996, 0.0077781076929;
1997, 0.00767482991441;
1998, 0.00751991324667;
1999, 0.00746827435742;
2000, 0.00733272227314;
2001, 0.00719717018887;
2002, 0.00721007991118;
2003, 0.00725526393927;
2004, 0.00724880907812;
2005, 0.00737790630124;
2006, 0.00744890977395;
2007, 0.0263293786551;
2008, 0.0263939272666;
2009, 0.0267553994914;
2010, 0.0275493474135;
2011, 0.0436090419695;
2012, 0.0436477711364;
2013, 0.0431830211332;
2014, 0.042511715573;
