1988, 0.0238055279431;
1989, 0.0241992744736;
1990, 0.0244897432256;
1991, 0.0242444585017;
1992, 0.0238700765547;
1993, 0.023263319606;
1994, 0.0230244897432;
1995, 0.022934121687;
1996, 0.0220046216806;
1997, 0.0211203057022;
1998, 0.0201327119454;
1999, 0.0188223751307;
2000, 0.0178476910962;
2001, 0.0172861181756;
2002, 0.0164276216419;
2003, 0.0151301945495;
2004, 0.0144072501001;
2005, 0.0140005938472;
2006, 0.0140135035695;
2007, 0.0137359445398;
2008, 0.0139360452357;
2009, 0.0140715973199;
2010, 0.0140070487084;
2011, 0.0137746737068;
2012, 0.0136262119002;
2013, 0.0140974167646;
2014, 0.0143297917662;
