1988, 0.000755218755245;
1989, 0.000671305560217;
1990, 0.000684215282529;
1991, 0.000761673616401;
1992, 0.000800402783336;
1993, 0.000819767366804;
1994, 0.000761673616401;
1995, 0.000903680561831;
1996, 0.000935954867611;
1997, 0.000845586811428;
1998, 0.000845586811428;
1999, 0.000806857644492;
2000, 0.00082622222796;
2001, 0.000832677089116;
2002, 0.000729399310621;
2003, 0.000800402783336;
2004, 0.000774583338712;
2005, 0.000800402783336;
2006, 0.000819767366804;
2007, 0.000845586811428;
2008, 0.000839131950272;
2009, 0.000806857644492;
2010, 0.000832677089116;
2011, 0.000871406256051;
2012, 0.000910135422987;
2013, 0.000903680561831;
2014, 0.000955319451079;
