1988, 0.00396328474975;
1989, 0.00387291669356;
1990, 0.0039697396109;
1991, 0.00405365280593;
1992, 0.00405365280593;
1993, 0.00415047572327;
1994, 0.00420211461251;
1995, 0.00415693058442;
1996, 0.00402137850015;
1997, 0.00393746530512;
1998, 0.00398264933321;
1999, 0.00395037502743;
2000, 0.00391810072165;
2001, 0.00401492363899;
2002, 0.00418275002905;
2003, 0.00404074308362;
2004, 0.00399555905552;
2005, 0.00417629516789;
2006, 0.00423438891829;
2007, 0.00422147919598;
2008, 0.00420211461251;
2009, 0.00426666322407;
2010, 0.00443448961413;
2011, 0.00444739933644;
2012, 0.00467977433805;
2013, 0.00497669795123;
2014, 0.005215527814;
