1988, 0.00335007293993;
1989, 0.00361472224732;
1990, 0.00398264933321;
1991, 0.00416984030674;
1992, 0.00433766669679;
1993, 0.00457649655956;
1994, 0.00460231600418;
1995, 0.00475077781077;
1996, 0.00495733336776;
1997, 0.00524780211978;
1998, 0.00528653128671;
1999, 0.00524134725862;
2000, 0.0053317153148;
2001, 0.00549954170486;
2002, 0.00571900698416;
2003, 0.00579001045688;
2004, 0.00588037851306;
2005, 0.00592556254115;
2006, 0.00605465976427;
2007, 0.00621603129317;
2008, 0.00646777087825;
2009, 0.00664205212946;
2010, 0.00687442713107;
2011, 0.00735208685661;
2012, 0.00742309032933;
2013, 0.00769419449788;
2014, 0.00801693755567;
