1988, 0.00840422922503;
1989, 0.0086430590878;
1990, 0.00906262506293;
1991, 0.00953382992732;
1992, 0.0100760382644;
1993, 0.0106247014627;
1994, 0.0110959063271;
1995, 0.0121028646674;
1996, 0.0129484514788;
1997, 0.0135552084275;
1998, 0.0141619653761;
1999, 0.0147170834355;
2000, 0.0149817327429;
2001, 0.0155691251081;
2002, 0.0160274202502;
2003, 0.0164986251146;
2004, 0.0169504653955;
2005, 0.017550767483;
2006, 0.0177895973458;
2007, 0.0188611042976;
2008, 0.0197583299983;
2009, 0.0203586320858;
2010, 0.0210428473684;
2011, 0.0215463265385;
2012, 0.0221208091814;
2013, 0.0227533855747;
2014, 0.0233085036341;
