1988, 0.00682278824182;
1989, 0.00710680213269;
1990, 0.00745536463511;
1991, 0.00769419449788;
1992, 0.00790720491602;
1993, 0.00799757297221;
1994, 0.00800402783336;
1995, 0.00760382644169;
1996, 0.0076619201921;
1997, 0.00737145144008;
1998, 0.00718426046656;
1999, 0.00710034727153;
2000, 0.00664205212946;
2001, 0.00626121532126;
2002, 0.00622248615432;
2003, 0.00618375698739;
2004, 0.00623539587663;
2005, 0.00611275351467;
2006, 0.00601593059733;
2007, 0.0166729063658;
2008, 0.0167503646997;
2009, 0.0169762848401;
2010, 0.0175055834549;
2011, 0.0273234272731;
2012, 0.027568711997;
2013, 0.0275816217193;
2014, 0.0283432953357;
