1988, 0.0175636772053;
1989, 0.0168600973393;
1990, 0.0157821355263;
1991, 0.0149688230206;
1992, 0.0141684202373;
1993, 0.0136262119002;
1994, 0.0130000903681;
1995, 0.0129936355069;
1996, 0.013206645925;
1997, 0.0131485521746;
1998, 0.0131485521746;
1999, 0.0132711945366;
2000, 0.0136843056506;
2001, 0.0141361459315;
2002, 0.0142071494042;
2003, 0.0145944410736;
2004, 0.015026916771;
2005, 0.0150333716322;
2006, 0.0152463820503;
2007, 0.015317385523;
2008, 0.0156143091362;
2009, 0.015730496637;
2010, 0.0159435070552;
2011, 0.0159951459444;
2012, 0.0162017015014;
2013, 0.0164147119195;
2014, 0.0166793612269;
