1988, 0.0373930106763;
1989, 0.0382450523489;
1990, 0.0397683995817;
1991, 0.0426730871019;
1992, 0.0453453996205;
1993, 0.0481338996398;
1994, 0.0505157434064;
1995, 0.0524199274474;
1996, 0.0548985941312;
1997, 0.0559830108054;
1998, 0.0567382295607;
1999, 0.0571061566466;
2000, 0.0579904726249;
2001, 0.0577774622068;
2002, 0.0575644517886;
2003, 0.0572223441474;
2004, 0.0566930455326;
2005, 0.0555118059411;
2006, 0.0541627399595;
2007, 0.0530718684241;
2008, 0.0509353093815;
2009, 0.0486567433934;
2010, 0.0473657711623;
2011, 0.0458101496237;
2012, 0.0442997121132;
2013, 0.0430797433547;
2014, 0.042427802378;
