1988, 0.00121351389732;
1989, 0.00134906598159;
1990, 0.00178154167904;
1991, 0.0018460902906;
1992, 0.00204619098643;
1993, 0.00226565626573;
1994, 0.00237538890538;
1995, 0.00249803126735;
1996, 0.00277559029705;
1997, 0.00291114238133;
1998, 0.00309187849369;
1999, 0.00329197918953;
2000, 0.00347917016305;
2001, 0.00378254863738;
2002, 0.00402137850015;
2003, 0.00438285072488;
2004, 0.00464104517112;
2005, 0.0048346910058;
2006, 0.00506061114625;
2007, 0.00538980906521;
2008, 0.00560927434451;
2009, 0.00606111462542;
2010, 0.00620957643201;
2011, 0.00662914240715;
2012, 0.00673242018564;
2013, 0.00684215282529;
2014, 0.0071778056054;
