1988, 0.0392132815223;
1989, 0.0394198370793;
1990, 0.0397038509702;
1991, 0.0399362259718;
1992, 0.0398781322214;
1993, 0.0395812086082;
1994, 0.0398523127768;
1995, 0.0398135836098;
1996, 0.0405752572262;
1997, 0.0413369308426;
1998, 0.0418533197351;
1999, 0.0421244239036;
2000, 0.0432862989117;
2001, 0.0439834239166;
2002, 0.0443448961413;
2003, 0.0443190766967;
2004, 0.0442609829463;
2005, 0.0427376357135;
2006, 0.0413304759815;
2007, 0.04031706278;
2008, 0.0391810072165;
2009, 0.0381805037374;
2010, 0.0372703683144;
2011, 0.036715250255;
2012, 0.0358567537212;
2013, 0.0350757155214;
2014, 0.0355275558023;
