1988, 0.038290236377;
1989, 0.039323014162;
1990, 0.0400330488891;
1991, 0.0405107086147;
1992, 0.040814087089;
1993, 0.0414143891765;
1994, 0.0415434863996;
1995, 0.0417177676508;
1996, 0.0420921495979;
1997, 0.0418145905682;
1998, 0.0465782781012;
1999, 0.0465460037955;
2000, 0.046526639212;
2001, 0.0470172086598;
2002, 0.0479015246382;
2003, 0.0487019274215;
2004, 0.0492312260363;
2005, 0.04975406979;
2006, 0.0508384864642;
2007, 0.0514710628574;
2008, 0.0513548753566;
2009, 0.05103858716;
2010, 0.0506900246576;
2011, 0.0503027329882;
2012, 0.0496378822892;
2013, 0.0481080801952;
2014, 0.0466299169905;
