1988, 0.0932469242587;
1989, 0.0953963930236;
1990, 0.097565226372;
1991, 0.0999147958327;
1992, 0.103258413912;
1993, 0.104549386143;
1994, 0.108067285473;
1995, 0.107576716025;
1996, 0.108073740334;
1997, 0.109009695201;
1998, 0.109758459096;
1999, 0.10978427854;
2000, 0.110107021598;
2001, 0.109661636178;
2002, 0.108209292418;
2003, 0.107241063245;
2004, 0.107260427828;
2005, 0.107725177831;
2006, 0.108874143117;
2007, 0.108880597978;
2008, 0.108990330618;
2009, 0.109293709092;
2010, 0.111410903551;
2011, 0.113231174397;
2012, 0.114515691767;
2013, 0.116264959141;
2014, 0.11771084804;
