1988, 0.000632576393282;
1989, 0.000710034727153;
1990, 0.000774583338712;
1991, 0.000735854171777;
1992, 0.000632576393282;
1993, 0.000703579865997;
1994, 0.000748763894089;
1995, 0.000748763894089;
1996, 0.000761673616401;
1997, 0.000800402783336;
1998, 0.000871406256051;
1999, 0.000929500006455;
2000, 0.000974684034546;
2001, 0.00096822917339;
2002, 0.00102632292379;
2003, 0.00117478473038;
2004, 0.00115542014691;
2005, 0.00121996875847;
2006, 0.00131033681466;
2007, 0.00121996875847;
2008, 0.00127806250888;
2009, 0.0012457882031;
2010, 0.00132970139812;
2011, 0.00145879862124;
2012, 0.00151043751049;
2013, 0.00151043751049;
2014, 0.00151043751049;
