1988, 0.0582486670712;
1989, 0.0574095351209;
1990, 0.0565962226153;
1991, 0.057370805954;
1992, 0.0579581983192;
1993, 0.059152347633;
1994, 0.0596945559701;
1995, 0.0604820490311;
1996, 0.0608887052839;
1997, 0.0607854275055;
1998, 0.0618375698739;
1999, 0.0630704483547;
2000, 0.0647099830883;
2001, 0.0653812886485;
2002, 0.0659686810137;
2003, 0.0658847678186;
2004, 0.0660848685145;
2005, 0.0662785143492;
2006, 0.066188146293;
2007, 0.0665948025458;
2008, 0.0659170421244;
2009, 0.0644195143362;
2010, 0.0632382747447;
2011, 0.062050580292;
2012, 0.0608241566724;
2013, 0.0596364622197;
2014, 0.0580227469307;
