1988, 0.00599656601387;
1989, 0.00792656949949;
1990, 0.00963710770581;
1991, 0.0115283820245;
1992, 0.0143814306554;
1993, 0.0164663508088;
1994, 0.018667458463;
1995, 0.0204941841701;
1996, 0.0210880313964;
1997, 0.0223402744607;
1998, 0.0232697744672;
1999, 0.0246317501711;
2000, 0.0250706807297;
2001, 0.0259872710138;
2002, 0.0264262015724;
2003, 0.025787170318;
2004, 0.0243993751694;
2005, 0.0225274654342;
2006, 0.0213914098708;
2007, 0.0199455209718;
2008, 0.0194807709686;
2009, 0.0189450174927;
2010, 0.0181510695705;
2011, 0.0173764862318;
2012, 0.0163114341411;
2013, 0.0154529376073;
2014, 0.0152657466338;
