1988, 0.0306024967403;
1989, 0.0312802571617;
1990, 0.0315061773021;
1991, 0.0313899898013;
1992, 0.0308284168808;
1993, 0.0302797536825;
1994, 0.0292017918695;
1995, 0.0296536321504;
1996, 0.030053833542;
1997, 0.0302281147933;
1998, 0.0300731981255;
1999, 0.030550857851;
2000, 0.0311511599385;
2001, 0.0319063786938;
2002, 0.0323904932805;
2003, 0.0330617988407;
2004, 0.0339654794025;
2005, 0.0354307328849;
2006, 0.0359019377493;
2007, 0.0399104065272;
2008, 0.0432023857167;
2009, 0.045409948232;
2010, 0.0473399517176;
2011, 0.0498315281238;
2012, 0.0517808961929;
2013, 0.0540723719033;
2014, 0.0554924413576;
