1988, 0.0289177779786;
1989, 0.0294406217322;
1990, 0.0291049689521;
1991, 0.0279301842217;
1992, 0.0261550974039;
1993, 0.0248705800338;
1994, 0.0239281703051;
1995, 0.022682382102;
1996, 0.0217787015401;
1997, 0.0205845522263;
1998, 0.019538864719;
1999, 0.01904184041;
2000, 0.0187255522134;
2001, 0.0174345799822;
2002, 0.016724545255;
2003, 0.0159886910833;
2004, 0.0155949445527;
2005, 0.0146783542686;
2006, 0.0144588889893;
2007, 0.0147816320471;
2008, 0.0147106285744;
2009, 0.0145944410736;
2010, 0.0150591910768;
2011, 0.0154916667742;
2012, 0.0155303959412;
2013, 0.0158337744155;
2014, 0.0159757813609;
