1988, 0.407850402138;
1989, 0.399439718052;
1990, 0.391964988833;
1991, 0.378764797769;
1992, 0.367797988665;
1993, 0.359367939996;
1994, 0.348549592698;
1995, 0.339912988472;
1996, 0.332050967584;
1997, 0.324802158506;
1998, 0.319735092498;
1999, 0.317927731374;
2000, 0.317320974426;
2001, 0.320057835556;
2002, 0.32181355779;
2003, 0.324556873782;
2004, 0.331056918966;
2005, 0.339209408606;
2006, 0.342611120435;
2007, 0.366958856715;
2008, 0.388589096449;
2009, 0.404216315307;
2010, 0.417429416093;
2011, 0.431572016886;
2012, 0.445921173236;
2013, 0.461696853901;
2014, 0.473915906069;
