1988, 0.000852041672584;
1989, 0.000864951394895;
1990, 0.000884315978363;
1991, 0.000871406256051;
1992, 0.000935954867611;
1993, 0.000955319451079;
1994, 0.00101341320148;
1995, 0.00102632292379;
1996, 0.00105214236842;
1997, 0.00105859722957;
1998, 0.00103277778495;
1999, 0.000994048618014;
2000, 0.00101986806264;
2001, 0.00101986806264;
2002, 0.00107150695189;
2003, 0.00109087153535;
2004, 0.00103277778495;
2005, 0.0010844166742;
2006, 0.00107796181304;
2007, 0.00116187500807;
2008, 0.00115542014691;
2009, 0.00117478473038;
2010, 0.0013038819535;
2011, 0.00138134028737;
2012, 0.00154916667742;
2013, 0.00156853126089;
2014, 0.00158789584436;
