1988, 0.0113541007733;
1989, 0.0115800209138;
1990, 0.011754302165;
1991, 0.0120189514724;
1992, 0.0121738681401;
1993, 0.0124449723086;
1994, 0.0130130000904;
1995, 0.0135164792605;
1996, 0.0137553091233;
1997, 0.0196550522198;
1998, 0.0207652883386;
1999, 0.0216689689005;
2000, 0.0225403751565;
2001, 0.0229663959928;
2002, 0.0235666980803;
2003, 0.023882986277;
2004, 0.0240120835001;
2005, 0.0240185383612;
2006, 0.0244574689198;
2007, 0.0238571668323;
2008, 0.0232762293283;
2009, 0.0229147571036;
2010, 0.022888937659;
2011, 0.0230825834936;
2012, 0.0236054272473;
2013, 0.0239991737778;
2014, 0.02367643072;
