1988, 0.02864667381;
1989, 0.0288015904778;
1990, 0.0290339654794;
1991, 0.0294341668711;
1992, 0.0299182814578;
1993, 0.0304540349337;
1994, 0.0306605904907;
1995, 0.0312286182724;
1996, 0.0321129342508;
1997, 0.0319515627219;
1998, 0.0319902918888;
1999, 0.0329972502291;
2000, 0.0343204967661;
2001, 0.0355791946915;
2002, 0.0368701669227;
2003, 0.0378190315126;
2004, 0.038328965544;
2005, 0.0389873613819;
2006, 0.0405558926427;
2007, 0.040607531532;
2008, 0.0405881669485;
2009, 0.0407882676444;
2010, 0.0405881669485;
2011, 0.0406398058378;
2012, 0.0395812086082;
2013, 0.0384645176282;
2014, 0.0368443474781;
