1988, 0.00104568750726;
1989, 0.00115542014691;
1990, 0.00120705903616;
1991, 0.00118123959154;
1992, 0.00135552084275;
1993, 0.00140715973199;
1994, 0.00137488542621;
1995, 0.00123933334194;
1996, 0.00129742709234;
1997, 0.00138134028737;
1998, 0.00143943403777;
1999, 0.0014652534824;
2000, 0.00158789584436;
2001, 0.00156207639974;
2002, 0.00159435070552;
2003, 0.00156853126089;
2004, 0.0016266250113;
2005, 0.00164598959476;
2006, 0.00163307987245;
2007, 0.00165889931708;
2008, 0.0016266250113;
2009, 0.00161371528898;
2010, 0.00180736112366;
2011, 0.00197518751372;
2012, 0.00204619098643;
2013, 0.00203328126412;
2014, 0.0020655555699;
