1988, 0.0964872645589;
1989, 0.0938730457908;
1990, 0.0914331082738;
1991, 0.0902518686823;
1992, 0.0887027020049;
1993, 0.0880378513058;
1994, 0.0873730006068;
1995, 0.0868888860201;
1996, 0.0873149068564;
1997, 0.107337886162;
1998, 0.10849976117;
1999, 0.110636320213;
2000, 0.112792243839;
2001, 0.11475452163;
2002, 0.116916900117;
2003, 0.119402021663;
2004, 0.122648816824;
2005, 0.124701462672;
2006, 0.126431365461;
2007, 0.125927886291;
2008, 0.126489459212;
2009, 0.127296316856;
2010, 0.129510334233;
2011, 0.129697525206;
2012, 0.131433882857;
2013, 0.133028233563;
2014, 0.134144924543;
