1988, 0.0188417397142;
1989, 0.0186868230464;
1990, 0.0186545487407;
1991, 0.0187255522134;
1992, 0.0191192987439;
1993, 0.018751371658;
1994, 0.0192290313835;
1995, 0.019829333471;
1996, 0.0203005383354;
1997, 0.0214043195931;
1998, 0.0223209098772;
1999, 0.0228566633532;
2000, 0.0236570661365;
2001, 0.0242444585017;
2002, 0.0244961980868;
2003, 0.025083590452;
2004, 0.0256516182337;
2005, 0.0257290765676;
2006, 0.0262067362931;
2007, 0.0262777397658;
2008, 0.0263616529608;
2009, 0.0265682085178;
2010, 0.0268974064368;
2011, 0.0273040626896;
2012, 0.0278204515821;
2013, 0.028065736306;
2014, 0.0281238300564;
