1988, 0.00675823963027;
1989, 0.00692606602032;
1990, 0.0071778056054;
1991, 0.00779747227637;
1992, 0.00810730561186;
1993, 0.00860432992086;
1994, 0.00875924658861;
1995, 0.00921754173068;
1996, 0.00960483340003;
1997, 0.010017944514;
1998, 0.0105407882676;
1999, 0.0110313577155;
2000, 0.0114444688295;
2001, 0.0119027639715;
2002, 0.0120124966112;
2003, 0.0125482500871;
2004, 0.0130775487019;
2005, 0.0135100243994;
2006, 0.0137682188456;
2007, 0.014323336905;
2008, 0.0148526355198;
2009, 0.0153625695511;
2010, 0.0159305973329;
2011, 0.0162727049741;
2012, 0.0166664515046;
2013, 0.0171570209525;
2014, 0.0178541459573;
