1988, 0.000180736112366;
1989, 0.000219465279302;
1990, 0.000258194446237;
1991, 0.000258194446237;
1992, 0.000245284723926;
1993, 0.000309833335485;
1994, 0.000322743057797;
1995, 0.000367927085888;
1996, 0.000451840280916;
1997, 0.000464750003227;
1998, 0.000542208337099;
1999, 0.000426020836292;
2000, 0.000426020836292;
2001, 0.000322743057797;
2002, 0.000432475697448;
2003, 0.000419565975136;
2004, 0.000516388892475;
2005, 0.000503479170163;
2006, 0.000477659725539;
2007, 0.000490569447851;
2008, 0.000561572920566;
2009, 0.000574482642878;
2010, 0.000593847226346;
2011, 0.000632576393282;
2012, 0.000664850699061;
2013, 0.000690670143685;
2014, 0.000697125004841;
