1989, 0.0330876182853;
1990, 0.0322162120293;
1991, 0.0313189863286;
1992, 0.0302862085437;
1993, 0.0289887814513;
1994, 0.028562760615;
1995, 0.0281044654729;
1996, 0.0279689133887;
1997, 0.0274912536631;
1998, 0.0269748647707;
1999, 0.0267489446302;
2000, 0.0263874724055;
2001, 0.0261550974039;
2002, 0.0263358335162;
2003, 0.0265423890732;
2004, 0.0265940279625;
2005, 0.0261228230981;
2006, 0.0258839932353;
2007, 0.0258775383741;
2008, 0.0256064342056;
2009, 0.025664527956;
2010, 0.0259743612915;
2011, 0.0260195453196;
2012, 0.0265940279625;
2013, 0.0263616529608;
2014, 0.0263229237939;
