1988, 0.00111023611882;
1989, 0.00110378125767;
1990, 0.00112314584113;
1991, 0.00122642361963;
1992, 0.00132324653697;
1993, 0.0013038819535;
1994, 0.00132324653697;
1995, 0.00139425000968;
1996, 0.00138134028737;
1997, 0.00145234376009;
1998, 0.00149752778818;
1999, 0.00148461806587;
2000, 0.00152980209396;
2001, 0.00164598959476;
2002, 0.00165244445592;
2003, 0.00163307987245;
2004, 0.00169762848401;
2005, 0.00172990278979;
2006, 0.00178799654019;
2007, 0.0018460902906;
2008, 0.00197518751372;
2009, 0.00205264584759;
2010, 0.00192354862447;
2011, 0.00191709376331;
2012, 0.00207201043106;
2013, 0.00222047223764;
2014, 0.00229793057151;
