1988, 0.00058739236519;
1989, 0.000503479170163;
1990, 0.000464750003227;
1991, 0.000522843753631;
1992, 0.000548663198255;
1993, 0.000548663198255;
1994, 0.000464750003227;
1995, 0.000490569447851;
1996, 0.000574482642878;
1997, 0.00058739236519;
1998, 0.00061966667097;
1999, 0.000555118059411;
2000, 0.000522843753631;
2001, 0.000580937504034;
2002, 0.000639031254438;
2003, 0.00065194097675;
2004, 0.000677760421373;
2005, 0.000697125004841;
2006, 0.000742309032933;
2007, 0.000761673616401;
2008, 0.000742309032933;
2009, 0.000806857644492;
2010, 0.000774583338712;
2011, 0.000935954867611;
2012, 0.00103277778495;
2013, 0.000903680561831;
2014, 0.00100050347917;
