1988, 0.00589974309653;
1989, 0.00599656601387;
1990, 0.00633221879397;
1991, 0.00624830559895;
1992, 0.00626121532126;
1993, 0.00639031254438;
1994, 0.00655168407328;
1995, 0.00675178476911;
1996, 0.00689379171454;
1997, 0.00743600005164;
1998, 0.00775228824828;
1999, 0.00802339241683;
2000, 0.00841068408619;
2001, 0.00876570144976;
2002, 0.00926918061992;
2003, 0.00964356256697;
2004, 0.00981784381818;
2005, 0.00990821187436;
2006, 0.0101083125702;
2007, 0.0100502188198;
2008, 0.0100889479867;
2009, 0.010224500071;
2010, 0.0101534965983;
2011, 0.0102567743768;
2012, 0.0100243993752;
2013, 0.0101534965983;
2014, 0.01055369799;
