1988, 0.021733517512;
1989, 0.0214043195931;
1990, 0.0211203057022;
1991, 0.0213204063981;
1992, 0.0216947883451;
1993, 0.0218690695963;
1994, 0.0225984689069;
1995, 0.0240443578059;
1996, 0.0255096112883;
1997, 0.0268199481029;
1998, 0.0282787467242;
1999, 0.0306476807684;
2000, 0.0345722363512;
2001, 0.0379223092911;
2002, 0.0423632537664;
2003, 0.0450613857296;
2004, 0.0451969378139;
2005, 0.0462038961542;
2006, 0.0471656704664;
2007, 0.0480628961671;
2008, 0.048224267696;
2009, 0.0471140315772;
2010, 0.0453324898981;
2011, 0.0426149933515;
2012, 0.0401492363899;
2013, 0.0381934134597;
2014, 0.036386052336;
