1988, 0.02384425711;
1989, 0.0246382050322;
1990, 0.0252772362866;
1991, 0.0252449619809;
1992, 0.0256709828172;
1993, 0.0264649307393;
1994, 0.0275170731078;
1995, 0.0279947328333;
1996, 0.0285821251985;
1997, 0.0284013890861;
1998, 0.0281625592234;
1999, 0.0284401182531;
2000, 0.0284723925588;
2001, 0.0296278127057;
2002, 0.0305250384064;
2003, 0.0309962432708;
2004, 0.0321774828623;
2005, 0.0328294238391;
2006, 0.0340300280141;
2007, 0.0345205974619;
2008, 0.0354565523296;
2009, 0.0362375905294;
2010, 0.0365216044203;
2011, 0.0367217051161;
2012, 0.0368701669227;
2013, 0.036715250255;
2014, 0.0360052155278;
