1988, 0.116058403584;
1989, 0.120518712642;
1990, 0.124281896696;
1991, 0.12619899046;
1992, 0.126863841159;
1993, 0.127825615471;
1994, 0.125940796013;
1995, 0.125824608513;
1996, 0.124572365448;
1997, 0.121725771679;
1998, 0.118369243878;
1999, 0.115658202192;
2000, 0.113734653568;
2001, 0.110984882715;
2002, 0.107699358387;
2003, 0.106834406992;
2004, 0.105672531984;
2005, 0.104394469475;
2006, 0.102625837518;
2007, 0.101141219452;
2008, 0.100728108338;
2009, 0.10017944514;
2010, 0.0979008791521;
2011, 0.0966744555325;
2012, 0.0957255909425;
2013, 0.0953189346897;
2014, 0.095828868721;
