1988, 0.0109474445205;
1989, 0.011050722299;
1990, 0.0109409896593;
1991, 0.0110829966047;
1992, 0.0108828959089;
1993, 0.0108828959089;
1994, 0.0102696840991;
1995, 0.00990821187436;
1996, 0.00970811117853;
1997, 0.00943055214882;
1998, 0.00887543408941;
1999, 0.00835259033578;
2000, 0.00782974658215;
2001, 0.00760382644169;
2002, 0.00753927783013;
2003, 0.00753282296898;
2004, 0.00730690282852;
2005, 0.00699061463188;
2006, 0.00686797226992;
2007, 0.00683569796414;
2008, 0.00660977782368;
2009, 0.00648713546172;
2010, 0.00660332296252;
2011, 0.00640322226669;
2012, 0.00650650004518;
2013, 0.00662268754599;
2014, 0.00689379171454;
