1988, 0.00114896528576;
1989, 0.00114896528576;
1990, 0.00126515278656;
1991, 0.001200604175;
1992, 0.00123933334194;
1993, 0.00132970139812;
1994, 0.00135552084275;
1995, 0.00132970139812;
1996, 0.00140715973199;
1997, 0.0014652534824;
1998, 0.00153625695511;
1999, 0.00158789584436;
2000, 0.00164598959476;
2001, 0.00191063890216;
2002, 0.00210428473684;
2003, 0.00231084029383;
2004, 0.0024463923781;
2005, 0.00269167710203;
2006, 0.00293696182595;
2007, 0.00327261460606;
2008, 0.00340816669033;
2009, 0.00379545835969;
2010, 0.0040730173894;
2011, 0.00441512503066;
2012, 0.00476368753308;
2013, 0.00515743406359;
2014, 0.00554472573295;
