1988, 0.00245284723926;
1989, 0.00259485418469;
1990, 0.00255612501775;
1991, 0.00249803126735;
1992, 0.00268522224087;
1993, 0.00286595835324;
1994, 0.00283368404746;
1995, 0.00298214585404;
1996, 0.00305314932676;
1997, 0.00306605904907;
1998, 0.00327261460606;
1999, 0.00337589238455;
2000, 0.00343398613496;
2001, 0.00353726391345;
2002, 0.00333716321762;
2003, 0.00354371877461;
2004, 0.00338880210687;
2005, 0.00339525696802;
2006, 0.00352435419114;
2007, 0.00370509030351;
2008, 0.00381482294316;
2009, 0.00411174655633;
2010, 0.00387291669356;
2011, 0.00408592711171;
2012, 0.00425375350176;
2013, 0.00442803475297;
2014, 0.00485405558926;
