1988, 0.00574482642878;
1989, 0.00590619795768;
1990, 0.00592556254115;
1991, 0.00595783684693;
1992, 0.00614502782045;
1993, 0.00617084726508;
1994, 0.00648713546172;
1995, 0.00668078129639;
1996, 0.00679051393605;
1997, 0.00702288893766;
1998, 0.00710034727153;
1999, 0.00720362505003;
2000, 0.00731335768968;
2001, 0.00758446185823;
2002, 0.00790720491602;
2003, 0.00819767366804;
2004, 0.00845586811428;
2005, 0.00878506603323;
2006, 0.00917235770259;
2007, 0.00927563548108;
2008, 0.00958546881657;
2009, 0.0101147674314;
2010, 0.0106892500742;
2011, 0.0109668091039;
2012, 0.0112056389667;
2013, 0.0115864757749;
2014, 0.0119285834162;
