1988, 0.0214043195931;
1989, 0.0223660939053;
1990, 0.0236247918307;
1991, 0.0250577710073;
1992, 0.0266456668517;
1993, 0.0274331599127;
1994, 0.0281109203341;
1995, 0.0289887814513;
1996, 0.0295697189553;
1997, 0.029679451595;
1998, 0.0317320974426;
1999, 0.0346174203793;
2000, 0.0369992641458;
2001, 0.0403880662527;
2002, 0.0427763648804;
2003, 0.0434928544687;
2004, 0.0428473683531;
2005, 0.0416984030674;
2006, 0.0406204412543;
2007, 0.0389615419372;
2008, 0.0363925071972;
2009, 0.0350240766321;
2010, 0.0336814655117;
2011, 0.0314739029963;
2012, 0.0295374446496;
2013, 0.0280528265837;
2014, 0.0268715869922;
