1988, 0.0143297917662;
1989, 0.0138521320406;
1990, 0.0132131007862;
1991, 0.0124449723086;
1992, 0.0123804236971;
1993, 0.0119866771666;
1994, 0.012044770917;
1995, 0.0120705903616;
1996, 0.0120705903616;
1997, 0.0123094202244;
1998, 0.0123610591136;
1999, 0.0122771459186;
2000, 0.0124449723086;
2001, 0.0128064445334;
2002, 0.0129419966177;
2003, 0.01312273273;
2004, 0.0134712952324;
2005, 0.013619757039;
2006, 0.0134261112043;
2007, 0.0132260105085;
2008, 0.0133938368986;
2009, 0.0133873820374;
2010, 0.0130840035631;
2011, 0.0127741702276;
2012, 0.012625708421;
2013, 0.0123546042525;
2014, 0.0120705903616;
