1988, 0.0168084584501;
1989, 0.0166277223377;
1990, 0.0169052813674;
1991, 0.0165438091427;
1992, 0.0161887917791;
1993, 0.0160016008056;
1994, 0.0160338751113;
1995, 0.0160726042783;
1996, 0.0164018021972;
1997, 0.0165438091427;
1998, 0.0167051806716;
1999, 0.0166470869212;
2000, 0.0168342778947;
2001, 0.017015014007;
2002, 0.0172409341475;
2003, 0.0174539445657;
2004, 0.0181639792928;
2005, 0.0187901008249;
2006, 0.0190934792993;
2007, 0.0201456216677;
2008, 0.0212881320923;
2009, 0.0223015452938;
2010, 0.0228308439085;
2011, 0.0234634203018;
2012, 0.0242638230852;
2013, 0.0250190418404;
2014, 0.0251094098966;
