1988, 0.0168084584501;
1989, 0.0169052813674;
1990, 0.0169440105343;
1991, 0.0172861181756;
1992, 0.0173764862318;
1993, 0.0171053820632;
1994, 0.0170924723409;
1995, 0.0165696285873;
1996, 0.0164469862253;
1997, 0.0156272188585;
1998, 0.0152657466338;
1999, 0.0144717987116;
2000, 0.013865041763;
2001, 0.0131098230077;
2002, 0.0123287848078;
2003, 0.0122900556409;
2004, 0.0118575799435;
2005, 0.0115671111914;
2006, 0.0113670104956;
2007, 0.0106505209073;
2008, 0.0110055382709;
2009, 0.0109087153535;
2010, 0.0110249028543;
2011, 0.0110055382709;
2012, 0.0109926285486;
2013, 0.0112379132725;
2014, 0.0113863750791;
