1988, 0.00218819793186;
1989, 0.00225920140458;
1990, 0.00227211112689;
1991, 0.00243993751694;
1992, 0.00262712849047;
1993, 0.00284013890861;
1994, 0.00296278127057;
1995, 0.00301442015982;
1996, 0.00310478821601;
1997, 0.00321452085566;
1998, 0.00329197918953;
1999, 0.00332425349531;
2000, 0.00339525696802;
2001, 0.00336298266224;
2002, 0.00337589238455;
2003, 0.00344044099611;
2004, 0.00367927085888;
2005, 0.00371800002582;
2006, 0.00370509030351;
2007, 0.00368572572004;
2008, 0.00382127780431;
2009, 0.00378254863738;
2010, 0.00382773266547;
2011, 0.00412465627864;
2012, 0.0042924826687;
2013, 0.00432475697448;
2014, 0.00446676391991;
