1988, 0.00447967364222;
1989, 0.00458295142071;
1990, 0.00470559378268;
1991, 0.00468622919921;
1992, 0.00486051045042;
1993, 0.0048927847562;
1994, 0.00500897225701;
1995, 0.00506061114625;
1996, 0.00502833684047;
1997, 0.00506706600741;
1998, 0.00520907295284;
1999, 0.00534462503712;
2000, 0.00546081253792;
2001, 0.00570609726185;
2002, 0.00615148268161;
2003, 0.00611920837583;
2004, 0.00648068060056;
2005, 0.00681633338067;
2006, 0.00721653477234;
2007, 0.00766837505325;
2008, 0.00798466324989;
2009, 0.00832031603;
2010, 0.00871406256051;
2011, 0.00897225700675;
2012, 0.00919817714721;
2013, 0.00929500006455;
2014, 0.00971456603968;
