1988, 0.000955319451079;
1989, 0.00113605556344;
1990, 0.001200604175;
1991, 0.00123933334194;
1992, 0.00123933334194;
1993, 0.00125869792541;
1994, 0.00117478473038;
1995, 0.00142006945431;
1996, 0.00151689237165;
1997, 0.0015233472328;
1998, 0.00136843056506;
1999, 0.00147816320471;
2000, 0.00143297917662;
2001, 0.00142006945431;
2002, 0.00145234376009;
2003, 0.00143943403777;
2004, 0.00147170834355;
2005, 0.00155562153858;
2006, 0.00160080556667;
2007, 0.00161371528898;
2008, 0.00165244445592;
2009, 0.00176863195673;
2010, 0.00186545487407;
2011, 0.00216883334839;
2012, 0.00243993751694;
2013, 0.00251094098966;
2014, 0.0025044861285;
