1988, 0.00426666322407;
1989, 0.00424729864061;
1990, 0.00393101044397;
1991, 0.00400201391668;
1992, 0.00389873613819;
1993, 0.00389873613819;
1994, 0.00393101044397;
1995, 0.00400846877784;
1996, 0.00409238197286;
1997, 0.00415693058442;
1998, 0.00422147919598;
1999, 0.00419565975136;
2000, 0.00457649655956;
2001, 0.00469913892152;
2002, 0.00473786808846;
2003, 0.00478305211655;
2004, 0.00470559378268;
2005, 0.00476368753308;
2006, 0.00495733336776;
2007, 0.00512515975781;
2008, 0.005215527814;
2009, 0.00536398962058;
2010, 0.00563509378913;
2011, 0.00595783684693;
2012, 0.00620312157086;
2013, 0.00660332296252;
2014, 0.00707452782691;
