1988, 0.0144653438505;
1989, 0.0147622674636;
1990, 0.0152851112173;
1991, 0.016266250113;
1992, 0.0174539445657;
1993, 0.0182737119325;
1994, 0.021856159874;
1995, 0.0220820800145;
1996, 0.0231987709944;
1997, 0.0240572675282;
1998, 0.0248705800338;
1999, 0.0258388092072;
2000, 0.0268328578252;
2001, 0.027446069635;
2002, 0.0277494481094;
2003, 0.0311963439666;
2004, 0.0316998231368;
2005, 0.0322162120293;
2006, 0.0328036043945;
2007, 0.0336879203728;
2008, 0.0345012328785;
2009, 0.0349918023263;
2010, 0.0355340106634;
2011, 0.0388388995753;
2012, 0.0394779308297;
2013, 0.0404203405585;
2014, 0.0413692051484;
