1988, 0.0291759724248;
1989, 0.0300215592363;
1990, 0.0309897884097;
1991, 0.0316610939699;
1992, 0.0322355766127;
1993, 0.0329843405068;
1994, 0.0336814655117;
1995, 0.0343915002388;
1996, 0.0348239759363;
1997, 0.0359923058055;
1998, 0.0416919482062;
1999, 0.0427505454358;
2000, 0.0434670350241;
2001, 0.0438155975265;
2002, 0.0443965350305;
2003, 0.0452356669808;
2004, 0.0453647642039;
2005, 0.0454809517047;
2006, 0.0457972399014;
2007, 0.0453195801758;
2008, 0.044829010728;
2009, 0.0448871044784;
2010, 0.0451517537858;
2011, 0.0457907850402;
2012, 0.0465847329624;
2013, 0.0470946669937;
2014, 0.0479467086663;
