1988, 0.00508643059088;
1989, 0.00536398962058;
1990, 0.00568027781722;
1991, 0.00584164934612;
1992, 0.00588037851306;
1993, 0.00599011115271;
1994, 0.00600302087502;
1995, 0.00610629865352;
1996, 0.013038819535;
1997, 0.0149946424652;
1998, 0.0146977188521;
1999, 0.0144201598224;
2000, 0.0141619653761;
2001, 0.0139231355134;
2002, 0.0140264132919;
2003, 0.0140780521811;
2004, 0.0145750764901;
2005, 0.0144847084339;
2006, 0.0146718994074;
2007, 0.0148268160752;
2008, 0.015110829966;
2009, 0.015440027885;
2010, 0.0152657466338;
2011, 0.0151753785776;
2012, 0.0150979202437;
2013, 0.0146912639909;
2014, 0.0142265139877;
