1988, 0.000729399310621;
1989, 0.000813312505648;
1990, 0.000806857644492;
1991, 0.000781038199868;
1992, 0.000871406256051;
1993, 0.000890770839519;
1994, 0.000845586811428;
1995, 0.000787493061024;
1996, 0.000832677089116;
1997, 0.000923045145299;
1998, 0.00100050347917;
1999, 0.00096822917339;
2000, 0.00100050347917;
2001, 0.00102632292379;
2002, 0.00111023611882;
2003, 0.00116187500807;
2004, 0.00123287848078;
2005, 0.00118123959154;
2006, 0.0011425104246;
2007, 0.00120705903616;
2008, 0.00125224306425;
2009, 0.00111669097998;
2010, 0.00116832986922;
2011, 0.00139425000968;
2012, 0.00143943403777;
2013, 0.00140070487084;
2014, 0.00151043751049;
