1988, 0.00147816320471;
1989, 0.00158789584436;
1990, 0.00172344792864;
1991, 0.00170408334517;
1992, 0.00175572223441;
1993, 0.00175572223441;
1994, 0.00172990278979;
1995, 0.00178799654019;
1996, 0.00177508681788;
1997, 0.00178799654019;
1998, 0.00182672570713;
1999, 0.00172990278979;
2000, 0.00172990278979;
2001, 0.0017428125121;
2002, 0.00183963542944;
2003, 0.00191063890216;
2004, 0.00205910070874;
2005, 0.00225920140458;
2006, 0.00236893404423;
2007, 0.00271104168549;
2008, 0.00292405210364;
2009, 0.00310478821601;
2010, 0.0032080659945;
2011, 0.00337589238455;
2012, 0.00347271530189;
2013, 0.00357599308039;
2014, 0.00354371877461;
