1988, 0.000910135422987;
1989, 0.000903680561831;
1990, 0.000935954867611;
1991, 0.000961774312235;
1992, 0.00100050347917;
1993, 0.000994048618014;
1994, 0.00100050347917;
1995, 0.00107150695189;
1996, 0.00104568750726;
1997, 0.00166535417823;
1998, 0.00176863195673;
1999, 0.00176217709557;
2000, 0.00173635765095;
2001, 0.00166535417823;
2002, 0.00182027084597;
2003, 0.00189772917985;
2004, 0.00213655904261;
2005, 0.0023882986277;
2006, 0.00255612501775;
2007, 0.00284013890861;
2008, 0.00302087502098;
2009, 0.00340171182918;
2010, 0.00379545835969;
2011, 0.0041892048902;
2012, 0.00444094447528;
2013, 0.0047895069777;
2014, 0.00509934031319;
