1991, 0.0151882882999;
1992, 0.0151043751049;
1993, 0.0153625695511;
1994, 0.0150075521876;
1995, 0.0144072501001;
1996, 0.0137940382902;
1997, 0.0131420973135;
1998, 0.0128193542557;
1999, 0.0119673125831;
2000, 0.0112830973006;
2001, 0.0107473438246;
2002, 0.0101147674314;
2003, 0.00903035075716;
2004, 0.00889479867288;
2005, 0.00877861117207;
2006, 0.0084816875589;
2007, 0.00861723964318;
2008, 0.00863014936549;
2009, 0.00846877783659;
2010, 0.00854623617046;
2011, 0.00886897922826;
2012, 0.00912717367449;
2013, 0.00941764242651;
2014, 0.00998567020823;
