1988, 0.0267489446302;
1989, 0.0263939272666;
1990, 0.0266908508798;
1991, 0.0268134932418;
1992, 0.0270781425492;
1993, 0.0271749654665;
1994, 0.0274137953293;
1995, 0.0272524238004;
1996, 0.0265811182401;
1997, 0.0258065349014;
1998, 0.0252062328139;
1999, 0.0247479376719;
2000, 0.0237345244704;
2001, 0.0232826841895;
2002, 0.0229534862705;
2003, 0.0223790036276;
2004, 0.0218948890409;
2005, 0.0215463265385;
2006, 0.0213526807038;
2007, 0.0211203057022;
2008, 0.0212816772311;
2009, 0.0213720452873;
2010, 0.0207846529221;
2011, 0.0197196008314;
2012, 0.018957927215;
2013, 0.0185835452679;
2014, 0.018254347349;
