1988, 0.0407818127832;
1989, 0.0401686009734;
1990, 0.0383612398497;
1991, 0.0377609377622;
1992, 0.0372574585921;
1993, 0.0373026426202;
1994, 0.0355404655246;
1995, 0.0338686564852;
1996, 0.0327261460606;
1997, 0.0314739029963;
1998, 0.0303120279883;
1999, 0.0287434967274;
2000, 0.0273040626896;
2001, 0.0259291772634;
2002, 0.0247092085049;
2003, 0.0241024515563;
2004, 0.0238378022489;
2005, 0.0238700765547;
2006, 0.0239281703051;
2007, 0.0232375001614;
2008, 0.0233278682176;
2009, 0.0237990730819;
2010, 0.0237022501646;
2011, 0.024134725862;
2012, 0.0241476355844;
2013, 0.0243348265579;
2014, 0.0239862640555;
