1988, 0.00872051742167;
1989, 0.00915299311912;
1990, 0.00928209034224;
1991, 0.00953382992732;
1992, 0.00945637159345;
1993, 0.00926918061992;
1994, 0.0091852674249;
1995, 0.00889479867288;
1996, 0.00868178825473;
1997, 0.00850105214237;
1998, 0.00836550005809;
1999, 0.0192613056893;
2000, 0.0184415383225;
2001, 0.0180348820697;
2002, 0.0178089619292;
2003, 0.0167374549773;
2004, 0.0162533403906;
2005, 0.0156659480255;
2006, 0.0151366494107;
2007, 0.0149171841314;
2008, 0.0149623681595;
2009, 0.0148139063529;
2010, 0.0151624688553;
2011, 0.0155497605247;
2012, 0.0151882882999;
2013, 0.0152141077445;
2014, 0.0155691251081;
