1988, 0.00627412504357;
1989, 0.00670014587986;
1990, 0.00682278824182;
1991, 0.00699061463188;
1992, 0.00739081602355;
1993, 0.00774583338712;
1994, 0.0103213229883;
1995, 0.0108377118808;
1996, 0.0114767431353;
1997, 0.011922128555;
1998, 0.0158079549709;
1999, 0.0161242431675;
2000, 0.0162791598353;
2001, 0.0167051806716;
2002, 0.0167697292831;
2003, 0.016763274422;
2004, 0.0171118369244;
2005, 0.0172990278979;
2006, 0.0173764862318;
2007, 0.0184802674894;
2008, 0.0197647848595;
2009, 0.0206684654213;
2010, 0.0213785001485;
2011, 0.0223919133499;
2012, 0.0237216147481;
2013, 0.0245091078091;
2014, 0.0254837918436;
