1988, 0.000122642361963;
1989, 0.000367927085888;
1990, 0.000548663198255;
1991, 0.000742309032933;
1992, 0.00102632292379;
1993, 0.00137488542621;
1994, 0.00171053820632;
1995, 0.00198809723603;
1996, 0.00229147571036;
1997, 0.00258839932353;
1998, 0.00300796529867;
1999, 0.00348562502421;
2000, 0.00390519099934;
2001, 0.00427957294639;
2002, 0.00464750003227;
2003, 0.00469268406037;
2004, 0.00474432294961;
2005, 0.00484760072811;
2006, 0.00507997572972;
2007, 0.00524134725862;
2008, 0.00531880559249;
2009, 0.00564154865029;
2010, 0.00593847226346;
2011, 0.0058739236519;
2012, 0.00610629865352;
2013, 0.00621603129317;
2014, 0.00650650004518;
