1988, 0.00041311111398;
1989, 0.000451840280916;
1990, 0.000458295142071;
1991, 0.000503479170163;
1992, 0.000509934031319;
1993, 0.000568027781722;
1994, 0.00085849653374;
1995, 0.000923045145299;
1996, 0.00102632292379;
1997, 0.00103277778495;
1998, 0.00102632292379;
1999, 0.00100050347917;
2000, 0.000961774312235;
2001, 0.000994048618014;
2002, 0.00101341320148;
2003, 0.00137488542621;
2004, 0.00140715973199;
2005, 0.00148461806587;
2006, 0.00154271181627;
2007, 0.00145879862124;
2008, 0.00151043751049;
2009, 0.00149752778818;
2010, 0.00160726042783;
2011, 0.00214946876493;
2012, 0.00237538890538;
2013, 0.00249803126735;
2014, 0.00278204515821;
