1988, 0.0126644375879;
1989, 0.0126192535599;
1990, 0.0119931320277;
1991, 0.0118963091104;
1992, 0.0117994861931;
1993, 0.0114315591072;
1994, 0.0110894514659;
1995, 0.010598882018;
1996, 0.0106763403519;
1997, 0.0106440660461;
1998, 0.0103019584049;
1999, 0.0100050347917;
2000, 0.00967583687275;
2001, 0.00961774312235;
2002, 0.00960483340003;
2003, 0.00975975006778;
2004, 0.00985657298512;
2005, 0.00992112159667;
2006, 0.00970165631737;
2007, 0.00950155562154;
2008, 0.00950155562154;
2009, 0.0096241979835;
2010, 0.00955964937194;
2011, 0.0095661042331;
2012, 0.00955319451079;
2013, 0.00989530215205;
2014, 0.0100308542363;
