1988, 0.0144266146835;
1989, 0.014613805657;
1990, 0.0146267153794;
1991, 0.0143427014885;
1992, 0.0145621667678;
1993, 0.0145169827397;
1994, 0.0145879862124;
1995, 0.0147106285744;
1996, 0.0145621667678;
1997, 0.0154593924685;
1998, 0.0164598959476;
1999, 0.0172473890087;
2000, 0.0178218716515;
2001, 0.0176282258169;
2002, 0.0172861181756;
2003, 0.0161823369179;
2004, 0.0156594931643;
2005, 0.015110829966;
2006, 0.0144911632951;
2007, 0.0135616632886;
2008, 0.0128387188392;
2009, 0.0119802223054;
2010, 0.0111604549386;
2011, 0.0104375104891;
2012, 0.00959837853888;
2013, 0.00924981603646;
2014, 0.00882379520017;
