1993, 0.00745536463511;
1994, 0.00726817366158;
1995, 0.00731335768968;
1996, 0.00717135074425;
1997, 0.00731335768968;
1998, 0.00737790630124;
1999, 0.00729399310621;
2000, 0.00742954519048;
2001, 0.00722298963349;
2002, 0.00706161810459;
2003, 0.0071778056054;
2004, 0.00692606602032;
2005, 0.00684215282529;
2006, 0.00674532990795;
2007, 0.0134777500936;
2008, 0.0131162778689;
2009, 0.0132582848143;
2010, 0.0132001910639;
2011, 0.0127354410607;
2012, 0.0121222292508;
2013, 0.011715572998;
2014, 0.0113282813287;
