1988, 0.00254321529544;
1989, 0.00269813196318;
1990, 0.00278850001936;
1991, 0.00291759724248;
1992, 0.00299505557635;
1993, 0.00302087502098;
1994, 0.00390519099934;
1995, 0.00409883683402;
1996, 0.0040730173894;
1997, 0.00411820141749;
1998, 0.00408592711171;
1999, 0.00422793405714;
2000, 0.004511947948;
2001, 0.0048346910058;
2002, 0.00498315281238;
2003, 0.00530589587018;
2004, 0.00557054517757;
2005, 0.00595138198577;
2006, 0.00617730212623;
2007, 0.00648713546172;
2008, 0.00660977782368;
2009, 0.00700997921535;
2010, 0.00733272227314;
2011, 0.00764255560863;
2012, 0.0079394792218;
2013, 0.00830095144653;
2014, 0.00863014936549;
