1988, 0.00557054517757;
1989, 0.00563509378913;
1990, 0.00590619795768;
1991, 0.00594492712462;
1992, 0.00602884031964;
1993, 0.00595783684693;
1994, 0.00598365629155;
1995, 0.00602884031964;
1996, 0.00624830559895;
1997, 0.00643549657247;
1998, 0.00634512851629;
1999, 0.00640967712784;
2000, 0.00635158337744;
2001, 0.00671305560217;
2002, 0.00713262157731;
2003, 0.00748763894089;
2004, 0.00753927783013;
2005, 0.00770710422019;
2006, 0.00762319102516;
2007, 0.00760382644169;
2008, 0.00749409380204;
2009, 0.00743600005164;
2010, 0.00745536463511;
2011, 0.00751345838551;
2012, 0.00737790630124;
2013, 0.00742309032933;
2014, 0.00727462852274;
