1988, 0.00344044099611;
1989, 0.00348562502421;
1990, 0.00347271530189;
1991, 0.00362763196964;
1992, 0.00362117710848;
1993, 0.00374381947044;
1994, 0.00398910419437;
1995, 0.00426666322407;
1996, 0.00904326047947;
1997, 0.00954673964963;
1998, 0.00997921534708;
1999, 0.0104375104891;
2000, 0.0107731632693;
2001, 0.0110894514659;
2002, 0.0114121945237;
2003, 0.0118769445269;
2004, 0.0122061424459;
2005, 0.012457882031;
2006, 0.0130130000904;
2007, 0.0133421980093;
2008, 0.013910225791;
2009, 0.0143104271827;
2010, 0.0149171841314;
2011, 0.01535611469;
2012, 0.0155949445527;
2013, 0.0156788577478;
2014, 0.0159435070552;
