1988, 0.00148461806587;
1989, 0.00149752778818;
1990, 0.00160080556667;
1991, 0.00157498612205;
1992, 0.00160080556667;
1993, 0.00157498612205;
1994, 0.0016266250113;
1995, 0.00156853126089;
1996, 0.00165889931708;
1997, 0.00167826390054;
1998, 0.00169762848401;
1999, 0.00164598959476;
2000, 0.00165889931708;
2001, 0.00166535417823;
2002, 0.00165889931708;
2003, 0.0016266250113;
2004, 0.00166535417823;
2005, 0.00169117362286;
2006, 0.00179445140135;
2007, 0.0018460902906;
2008, 0.00183318056829;
2009, 0.00179445140135;
2010, 0.00182672570713;
2011, 0.00180736112366;
2012, 0.00179445140135;
2013, 0.00189772917985;
2014, 0.00208492015337;
