1988, 0.0216302397335;
1989, 0.0215398716774;
1990, 0.0215786008443;
1991, 0.0216366945947;
1992, 0.021940073069;
1993, 0.0223596390442;
1994, 0.0227082015466;
1995, 0.0229276668259;
1996, 0.0229857605763;
1997, 0.0225468300177;
1998, 0.0227727501581;
1999, 0.0234182362737;
2000, 0.0240314480836;
2001, 0.0245413821149;
2002, 0.0249996772569;
2003, 0.0252126876751;
2004, 0.0257678057345;
2005, 0.0258000800403;
2006, 0.0260260001807;
2007, 0.0253934237875;
2008, 0.025457972399;
2009, 0.0250577710073;
2010, 0.0249222189231;
2011, 0.0243090071133;
2012, 0.0238248925266;
2013, 0.0235796078026;
2014, 0.0230954932159;
