1988, 0.0117091181369;
1989, 0.0117801216096;
1990, 0.0121093195285;
1991, 0.0127418959218;
1992, 0.0133099237035;
1993, 0.0137359445398;
1994, 0.0143943403777;
1995, 0.014859090381;
1996, 0.0157498612205;
1997, 0.0162339758072;
1998, 0.0181446147093;
1999, 0.0186480938795;
2000, 0.0193968577736;
2001, 0.0201456216677;
2002, 0.0206103716709;
2003, 0.0214107744542;
2004, 0.0220498057087;
2005, 0.0227275661301;
2006, 0.0232375001614;
2007, 0.0238378022489;
2008, 0.0245607466983;
2009, 0.0254063335098;
2010, 0.0265488439344;
2011, 0.0272330592169;
2012, 0.0277107189424;
2013, 0.0284401182531;
2014, 0.0293244342314;
