1988, 0.023469875163;
1989, 0.0238248925266;
1990, 0.023966899472;
1991, 0.0239862640555;
1992, 0.0248512154504;
1993, 0.0259420869857;
1994, 0.0262067362931;
1995, 0.0262777397658;
1996, 0.0267360349079;
1997, 0.0269555001872;
1998, 0.0267360349079;
1999, 0.0267747640748;
2000, 0.0268134932418;
2001, 0.0268005835194;
2002, 0.0262906494881;
2003, 0.0273944307458;
2004, 0.0283174758911;
2005, 0.0284465731142;
2006, 0.0284207536696;
2007, 0.0284207536696;
2008, 0.0287047675604;
2009, 0.0292017918695;
2010, 0.029388982843;
2011, 0.0295309897884;
2012, 0.030053833542;
2013, 0.0298408231239;
2014, 0.0294535314545;
