1988, 0.082499580434;
1989, 0.0838938304437;
1990, 0.0859142019855;
1991, 0.0881604936678;
1992, 0.0895482888163;
1993, 0.0910587263268;
1994, 0.0934986638437;
1995, 0.0969326499787;
1996, 0.0979460631802;
1997, 0.104826945172;
1998, 0.109526084094;
1999, 0.113198900092;
2000, 0.115729205665;
2001, 0.118369243878;
2002, 0.120970552923;
2003, 0.123436309885;
2004, 0.123991427944;
2005, 0.123946243916;
2006, 0.125469591149;
2007, 0.12246162585;
2008, 0.120718813338;
2009, 0.120634900143;
2010, 0.120486438337;
2011, 0.12190005293;
2012, 0.124624004338;
2013, 0.127509327274;
2014, 0.131040136327;
