1988, 0.00580937504034;
1989, 0.00612566323698;
1990, 0.00640967712784;
1991, 0.00675823963027;
1992, 0.00710680213269;
1993, 0.00742954519048;
1994, 0.00746181949626;
1995, 0.00756509727476;
1996, 0.00761673616401;
1997, 0.00764901046978;
1998, 0.00736499657892;
1999, 0.00726171880043;
2000, 0.00735854171777;
2001, 0.00757800699707;
2002, 0.00753282296898;
2003, 0.00750700352435;
2004, 0.00732626741199;
2005, 0.0075586424136;
2006, 0.0075005486632;
2007, 0.00755218755245;
2008, 0.0077781076929;
2009, 0.00793302436065;
2010, 0.00786202088793;
2011, 0.00780392713753;
2012, 0.00767482991441;
2013, 0.00757155213591;
2014, 0.00773292366481;
