1988, 0.0192806702728;
1989, 0.0201004376396;
1990, 0.0207459237552;
1991, 0.0216366945947;
1992, 0.0223080001549;
1993, 0.0230309446044;
1994, 0.0235860626638;
1995, 0.0241153612786;
1996, 0.0244897432256;
1997, 0.0245672015595;
1998, 0.0247931217;
1999, 0.0247673022553;
2000, 0.0250771355908;
2001, 0.0253353300371;
2002, 0.0260260001807;
2003, 0.0263358335162;
2004, 0.0264326564336;
2005, 0.0266650314352;
2006, 0.0261421876815;
2007, 0.0261938265708;
2008, 0.0261938265708;
2009, 0.025954996708;
2010, 0.0260711842088;
2011, 0.0260260001807;
2012, 0.0254967015659;
2013, 0.0247866668388;
2014, 0.0241992744736;
