1988, 0.015937052194;
1989, 0.015937052194;
1990, 0.015562670247;
1991, 0.0156272188585;
1992, 0.0153625695511;
1993, 0.0150850105214;
1994, 0.015026916771;
1995, 0.0142846077381;
1996, 0.0141748750984;
1997, 0.0137488542621;
1998, 0.0131937362027;
1999, 0.012709621616;
2000, 0.0117801216096;
2001, 0.0110765417436;
2002, 0.0111410903551;
2003, 0.0107279792412;
2004, 0.0107344341023;
2005, 0.0105859722957;
2006, 0.0100437639586;
2007, 0.00941118756536;
2008, 0.0094628264546;
2009, 0.00945637159345;
2010, 0.0096241979835;
2011, 0.00965647228928;
2012, 0.00947573617691;
2013, 0.00937245839842;
2014, 0.00932081950917;
