1988, 0.0206039168097;
1989, 0.0214301390377;
1990, 0.0221595383483;
1991, 0.0231535869663;
1992, 0.0235925175249;
1993, 0.0244316494752;
1994, 0.0253159654536;
1995, 0.0256968022618;
1996, 0.0259356321246;
1997, 0.0299311911801;
1998, 0.030299118266;
1999, 0.0307380488246;
2000, 0.0311382502162;
2001, 0.0317837363318;
2002, 0.0333199932869;
2003, 0.0340816669033;
2004, 0.0354694620519;
2005, 0.0363085940021;
2006, 0.0374252849821;
2007, 0.0385419759621;
2008, 0.0387549863802;
2009, 0.0396909412479;
2010, 0.0404397051419;
2011, 0.0416273995946;
2012, 0.0425181704342;
2013, 0.043383121829;
2014, 0.0435122190522;
