1988, 0.00302732988213;
1989, 0.00316933682756;
1990, 0.00308542363254;
1991, 0.00324034030028;
1992, 0.00327261460606;
1993, 0.00355017363577;
1994, 0.00337589238455;
1995, 0.00362117710848;
1996, 0.00347271530189;
1997, 0.00341462155149;
1998, 0.0035308090523;
1999, 0.00360826738617;
2000, 0.00356953821923;
2001, 0.00354371877461;
2002, 0.0035889028027;
2003, 0.00370509030351;
2004, 0.00387291669356;
2005, 0.00411174655633;
2006, 0.00423438891829;
2007, 0.00422793405714;
2008, 0.00430539239101;
2009, 0.0044538541976;
2010, 0.00467977433805;
2011, 0.0050541562851;
2012, 0.00532526045365;
2013, 0.00555763545526;
2014, 0.00556409031642;
