1993, 0.00760382644169;
1994, 0.00777165283175;
1995, 0.00776519797059;
1996, 0.00781683685984;
1997, 0.0077781076929;
1998, 0.00770064935903;
1999, 0.00779747227637;
2000, 0.00769419449788;
2001, 0.00774583338712;
2002, 0.0078813854714;
2003, 0.00801048269452;
2004, 0.00790720491602;
2005, 0.00779747227637;
2006, 0.00759737158054;
2007, 0.0154852119131;
2008, 0.0152786563561;
2009, 0.0149817327429;
2010, 0.0149946424652;
2011, 0.0147493577413;
2012, 0.0146008959347;
2013, 0.0144911632951;
2014, 0.0142136042654;
