1988, 0.0110055382709;
1989, 0.0106440660461;
1990, 0.0104762396561;
1991, 0.0103987813222;
1992, 0.0107086146577;
1993, 0.0107344341023;
1994, 0.0110249028543;
1995, 0.011134635494;
1996, 0.011509017441;
1997, 0.0116639341088;
1998, 0.0121028646674;
1999, 0.0128903577284;
2000, 0.0129355417565;
2001, 0.0131291875912;
2002, 0.0129097223119;
2003, 0.0124966111979;
2004, 0.0120835000839;
2005, 0.0115348368857;
2006, 0.0112314584113;
2007, 0.0107925278527;
2008, 0.0101922257652;
2009, 0.00936600353726;
2010, 0.0089658021456;
2011, 0.00843650353081;
2012, 0.00804921186145;
2013, 0.00764901046978;
2014, 0.00728753824505;
