1988, 0.00295632640942;
1989, 0.00295632640942;
1990, 0.00302732988213;
1991, 0.00299505557635;
1992, 0.00313060766063;
1993, 0.00309187849369;
1994, 0.00298214585404;
1995, 0.0030466944656;
1996, 0.00316933682756;
1997, 0.00323388543912;
1998, 0.00327906946722;
1999, 0.00335652780109;
2000, 0.0033694375234;
2001, 0.00365990627542;
2002, 0.00377609377622;
2003, 0.00381482294316;
2004, 0.00386646183241;
2005, 0.00393101044397;
2006, 0.00382773266547;
2007, 0.00397619447206;
2008, 0.00395682988859;
2009, 0.0041892048902;
2010, 0.00414402086211;
2011, 0.00418275002905;
2012, 0.00436348614141;
2013, 0.004511947948;
2014, 0.00468622919921;
