1988, 0.0180284272085;
1989, 0.0176475904003;
1990, 0.0173054827591;
1991, 0.0168859167839;
1992, 0.0165631737261;
1993, 0.0162920695576;
1994, 0.0158079549709;
1995, 0.015769225804;
1996, 0.015937052194;
1997, 0.0175055834549;
1998, 0.0171441112302;
1999, 0.0171957501194;
2000, 0.0169117362286;
2001, 0.0167503646997;
2002, 0.0167826390054;
2003, 0.0166793612269;
2004, 0.016517989698;
2005, 0.0160274202502;
2006, 0.0157111320535;
2007, 0.0160145105279;
2008, 0.0160726042783;
2009, 0.0162468855295;
2010, 0.016517989698;
2011, 0.0164469862253;
2012, 0.0164663508088;
2013, 0.01647280567;
2014, 0.0168020035889;
