1988, 0.52613573282;
1989, 0.547914434361;
1990, 0.565039181007;
1991, 0.583054698493;
1992, 0.603671525025;
1993, 0.62357831683;
1994, 0.638721421102;
1995, 0.650959837854;
1996, 0.667865119221;
1997, 0.659525438608;
1998, 0.661126244174;
1999, 0.673771317179;
2000, 0.686894049909;
2001, 0.702450265295;
2002, 0.718180761932;
2003, 0.730135164793;
2004, 0.745058803785;
2005, 0.759356321246;
2006, 0.763771446276;
2007, 0.763384154607;
2008, 0.763196963633;
2009, 0.763758536554;
2010, 0.772440324809;
2011, 0.776229328307;
2012, 0.779321206801;
2013, 0.776564981087;
2014, 0.773311731065;
