1988, 0.0182414376267;
1989, 0.0185964549903;
1990, 0.0186739133241;
1991, 0.0186158195737;
1992, 0.0184867223506;
1993, 0.0186803681853;
1994, 0.0190353855489;
1995, 0.0193000348563;
1996, 0.0193645834678;
1997, 0.0202488994462;
1998, 0.0213785001485;
1999, 0.0219013439021;
2000, 0.0220756251533;
2001, 0.0223467293219;
2002, 0.0338428370406;
2003, 0.0344431391281;
2004, 0.0340364828753;
2005, 0.0340300280141;
2006, 0.0340042085695;
2007, 0.0327196911994;
2008, 0.031958017583;
2009, 0.031667548831;
2010, 0.0324356773086;
2011, 0.0328746078672;
2012, 0.0329327016176;
2013, 0.0334684550935;
2014, 0.0342107641265;
