1988, 0.00589328823537;
1989, 0.00617084726508;
1990, 0.00837840978041;
1991, 0.00851396186468;
1992, 0.00906907992409;
1993, 0.00921754173068;
1994, 0.00939827784304;
1995, 0.00959837853888;
1996, 0.00976620492893;
1997, 0.0102761389603;
1998, 0.0106247014627;
1999, 0.0108635313254;
2000, 0.0114444688295;
2001, 0.011960857722;
2002, 0.0122965105021;
2003, 0.0126127986987;
2004, 0.0132970139812;
2005, 0.0142846077381;
2006, 0.0151043751049;
2007, 0.0165696285873;
2008, 0.01792514943;
2009, 0.0193387640232;
2010, 0.0201262570842;
2011, 0.0211332154245;
2012, 0.022146628626;
2013, 0.0232245904391;
2014, 0.0238378022489;
