1988, 0.0182737119325;
1989, 0.0183834445721;
1990, 0.0186093647126;
1991, 0.0186739133241;
1992, 0.018667458463;
1993, 0.01904184041;
1994, 0.0193193994397;
1995, 0.0196873265256;
1996, 0.0194936806909;
1997, 0.0195840487471;
1998, 0.0198551529157;
1999, 0.0195259549967;
2000, 0.0194872258298;
2001, 0.0196292327752;
2002, 0.0196034133306;
2003, 0.0195130452744;
2004, 0.0197260556925;
2005, 0.019538864719;
2006, 0.0194291320794;
2007, 0.019538864719;
2008, 0.0193387640232;
2009, 0.0194420418017;
2010, 0.0193516737455;
2011, 0.0189256529092;
2012, 0.019125753605;
2013, 0.0190676598546;
2014, 0.0191838473554;
