1988, 0.0190805695769;
1989, 0.0188223751307;
1990, 0.0183188959605;
1991, 0.0181768890151;
1992, 0.0177702327623;
1993, 0.0174410348433;
1994, 0.0171505660913;
1995, 0.0173119376202;
1996, 0.0173958508152;
1997, 0.0161177883064;
1998, 0.0160661494171;
1999, 0.0156982223312;
2000, 0.0157821355263;
2001, 0.0157046771924;
2002, 0.0157369514982;
2003, 0.0157240417759;
2004, 0.0152205626057;
2005, 0.0150979202437;
2006, 0.0145944410736;
2007, 0.0143297917662;
2008, 0.0140522327365;
2009, 0.0139037709299;
2010, 0.0136972153729;
2011, 0.0134583855101;
2012, 0.0133744723151;
2013, 0.0134971146771;
2014, 0.0135939375944;
