1988, 0.016556718865;
1989, 0.0173893959541;
1990, 0.0179574237358;
1991, 0.0192677605505;
1992, 0.0202166251404;
1993, 0.0211783994526;
1994, 0.0217593369567;
1995, 0.0225339202954;
1996, 0.0232116807167;
1997, 0.0239539897497;
1998, 0.0252385071197;
1999, 0.0273363369954;
2000, 0.0289242328398;
2001, 0.0310607918824;
2002, 0.0326745071714;
2003, 0.0336233717613;
2004, 0.034107486348;
2005, 0.0338686564852;
2006, 0.0341268509314;
2007, 0.0334490905101;
2008, 0.0325841391152;
2009, 0.0321452085566;
2010, 0.0314093543848;
2011, 0.0310220627154;
2012, 0.0296342675669;
2013, 0.0286079446431;
2014, 0.0272911529673;
