1988, 0.00334361807878;
1989, 0.0035308090523;
1990, 0.00350498960767;
1991, 0.00364054169195;
1992, 0.00377609377622;
1993, 0.00380191322085;
1994, 0.00373736460929;
1995, 0.00386646183241;
1996, 0.00415693058442;
1997, 0.00436348614141;
1998, 0.00455067711494;
1999, 0.00476368753308;
2000, 0.00480241670002;
2001, 0.00506061114625;
2002, 0.00507997572972;
2003, 0.00522843753631;
2004, 0.00542208337099;
2005, 0.00577064587341;
2006, 0.00574482642878;
2007, 0.00580292017919;
2008, 0.00588037851306;
2009, 0.00588037851306;
2010, 0.00630639934935;
2011, 0.00664205212946;
2012, 0.00727462852274;
2013, 0.00771355908134;
2014, 0.00801693755567;
