1988, 0.0108764410478;
1989, 0.0104246007668;
1990, 0.00975975006778;
1991, 0.00915299311912;
1992, 0.00840422922503;
1993, 0.00812667019532;
1994, 0.0077200139425;
1995, 0.00761673616401;
1996, 0.00748118407973;
1997, 0.0145815313513;
1998, 0.0147880869083;
1999, 0.0145944410736;
2000, 0.0146912639909;
2001, 0.0153044758007;
2002, 0.0155820348304;
2003, 0.0156853126089;
2004, 0.0157950452486;
2005, 0.0155433056635;
2006, 0.0152980209396;
2007, 0.0154916667742;
2008, 0.0155820348304;
2009, 0.016059694556;
2010, 0.0162597952518;
2011, 0.0162920695576;
2012, 0.0166148126154;
2013, 0.0165760834484;
2014, 0.0163437084468;
