1988, 0.00751991324667;
1989, 0.00797175352758;
1990, 0.00806857644492;
1991, 0.00830740630769;
1992, 0.00838486464156;
1993, 0.00862369450433;
1994, 0.00866887853242;
1995, 0.00877861117207;
1996, 0.00886897922826;
1997, 0.00910780909103;
1998, 0.0094047327042;
1999, 0.00977911465124;
2000, 0.0100114896529;
2001, 0.0101276771537;
2002, 0.0101857709041;
2003, 0.0107473438246;
2004, 0.010928079937;
2005, 0.0112895521617;
2006, 0.0115219271633;
2007, 0.0121803230013;
2008, 0.0127999896722;
2009, 0.0132776493978;
2010, 0.0138392223183;
2011, 0.0146718994074;
2012, 0.0154206633015;
2013, 0.0155497605247;
2014, 0.0157627709428;
