1988, 0.0306670453519;
1989, 0.0296149029834;
1990, 0.0285304863092;
1991, 0.0272911529673;
1992, 0.0256193439279;
1993, 0.0244445591975;
1994, 0.023431145996;
1995, 0.0231664966887;
1996, 0.0221724480706;
1997, 0.0218238855682;
1998, 0.0207588334775;
1999, 0.0200487987503;
2000, 0.0197260556925;
2001, 0.0195195001356;
2002, 0.0194743161075;
2003, 0.0196292327752;
2004, 0.0196808716645;
2005, 0.0233988716903;
2006, 0.0237990730819;
2007, 0.0238636216935;
2008, 0.0238378022489;
2009, 0.0240056286389;
2010, 0.0239991737778;
2011, 0.0241218161397;
2012, 0.023882986277;
2013, 0.0235344237745;
2014, 0.0235215140522;
