1988, 0.00439576044719;
1989, 0.00449903822569;
1990, 0.00473786808846;
1991, 0.00497669795123;
1992, 0.00515743406359;
1993, 0.00524780211978;
1994, 0.00586746879075;
1995, 0.00599011115271;
1996, 0.00619021184854;
1997, 0.00626767018241;
1998, 0.00648713546172;
1999, 0.00670660074102;
2000, 0.00692606602032;
2001, 0.00704225352113;
2002, 0.00719717018887;
2003, 0.00741663546817;
2004, 0.00781683685984;
2005, 0.00821703825151;
2006, 0.00844295839196;
2007, 0.0090819896464;
2008, 0.00944346187114;
2009, 0.00989530215205;
2010, 0.0101922257652;
2011, 0.0105085139619;
2012, 0.0106763403519;
2013, 0.0109345347982;
2014, 0.0112830973006;
