1988, 0.0122642361963;
1989, 0.0116639341088;
1990, 0.0111540000775;
1991, 0.0104891493784;
1992, 0.0101922257652;
1993, 0.00992112159667;
1994, 0.00951446534385;
1995, 0.00943055214882;
1996, 0.00954028478847;
1997, 0.00961774312235;
1998, 0.00973393062315;
1999, 0.00961128826119;
2000, 0.00961774312235;
2001, 0.0100437639586;
2002, 0.00985657298512;
2003, 0.00996630562477;
2004, 0.0100824931256;
2005, 0.0101664063206;
2006, 0.0101341320148;
2007, 0.00986948270743;
2008, 0.00959192367772;
2009, 0.00958546881657;
2010, 0.00952737506616;
2011, 0.00935309381495;
2012, 0.00917235770259;
2013, 0.00898516672906;
2014, 0.0087011528382;
