1988, 0.018544816101;
1989, 0.0183188959605;
1990, 0.0184092640167;
1991, 0.018628729296;
1992, 0.0187965556861;
1993, 0.0187965556861;
1994, 0.0191515730497;
1995, 0.0189966563819;
1996, 0.0194097674959;
1997, 0.0199132466661;
1998, 0.0204296355585;
1999, 0.0208556563948;
2000, 0.0208814758395;
2001, 0.0208943855618;
2002, 0.0210170279237;
2003, 0.0287176772828;
2004, 0.0276074411639;
2005, 0.0266650314352;
2006, 0.0258258994849;
2007, 0.0248705800338;
2008, 0.0234634203018;
2009, 0.022269270988;
2010, 0.0212171286196;
2011, 0.020074618195;
2012, 0.0188804688811;
2013, 0.0181962535986;
2014, 0.0177056841507;
