1988, 0.0448871044784;
1989, 0.0436606808588;
1990, 0.0426666322407;
1991, 0.0421115141813;
1992, 0.0417823162624;
1993, 0.0416790384839;
1994, 0.042389073211;
1995, 0.0432023857167;
1996, 0.0435703128026;
1997, 0.046610552407;
1998, 0.0490246704793;
1999, 0.0507803927138;
2000, 0.0521036392507;
2001, 0.0532009656472;
2002, 0.054433844128;
2003, 0.0555311705245;
2004, 0.0563767573359;
2005, 0.0573837156763;
2006, 0.0590490698545;
2007, 0.0582034830431;
2008, 0.0580292017919;
2009, 0.0585004066563;
2010, 0.0597397399982;
2011, 0.0612566323698;
2012, 0.0629413511315;
2013, 0.0650456358684;
2014, 0.0666916254631;
