1988, 0.00615793754276;
1989, 0.00626767018241;
1990, 0.00644195143362;
1991, 0.0065194097675;
1992, 0.00676469449142;
1993, 0.00702934379881;
1994, 0.00740372574586;
1995, 0.00778456255406;
1996, 0.00792011463833;
1997, 0.00863660422664;
1998, 0.00915944798027;
1999, 0.00943055214882;
2000, 0.00976620492893;
2001, 0.0100243993752;
2002, 0.0101986806264;
2003, 0.0102567743768;
2004, 0.010224500071;
2005, 0.0103987813222;
2006, 0.0105085139619;
2007, 0.0101986806264;
2008, 0.00980493409587;
2009, 0.00980493409587;
2010, 0.00973393062315;
2011, 0.00994048618014;
2012, 0.0101083125702;
2013, 0.0104891493784;
2014, 0.0107279792412;
