1988, 0.0344108648223;
1989, 0.0339977537083;
1990, 0.0335200939828;
1991, 0.0334555453712;
1992, 0.0334103613431;
1993, 0.0338492919017;
1994, 0.033817017596;
1995, 0.034068757181;
1996, 0.0339073856521;
1997, 0.033694375234;
1998, 0.0337911981513;
1999, 0.0336233717613;
2000, 0.0335975523166;
2001, 0.0330617988407;
2002, 0.0324679516144;
2003, 0.0316481842476;
2004, 0.0309058752146;
2005, 0.0296665418727;
2006, 0.0287047675604;
2007, 0.0278139967209;
2008, 0.0271685106053;
2009, 0.0265036599063;
2010, 0.0267553994914;
2011, 0.0270394133822;
2012, 0.0273944307458;
2013, 0.0277559029705;
2014, 0.027568711997;
