1988, 0.0149946424652;
1989, 0.0155884896916;
1990, 0.0159112327494;
1991, 0.0163759827526;
1992, 0.0163566181691;
1993, 0.0167761841443;
1994, 0.0171053820632;
1995, 0.0178154167904;
1996, 0.0214753230658;
1997, 0.0230180348821;
1998, 0.0246769341991;
1999, 0.0256193439279;
2000, 0.026742489769;
2001, 0.0275816217193;
2002, 0.0283820245027;
2003, 0.0288725939505;
2004, 0.0288984133951;
2005, 0.0290662397852;
2006, 0.0289823265902;
2007, 0.028853229367;
2008, 0.0288080453389;
2009, 0.0289823265902;
2010, 0.0286143995043;
2011, 0.0282787467242;
2012, 0.0284336633919;
2013, 0.0285692154762;
2014, 0.0288338647836;
