1988, 0.0107086146577;
1989, 0.0110829966047;
1990, 0.0113476459121;
1991, 0.0117994861931;
1992, 0.0117994861931;
1993, 0.0119737674443;
1994, 0.012044770917;
1995, 0.0122384167517;
1996, 0.0124901563367;
1997, 0.0125224306425;
1998, 0.0127741702276;
1999, 0.0131033681466;
2000, 0.0134777500936;
2001, 0.014032868153;
2002, 0.0141296910703;
2003, 0.0141619653761;
2004, 0.0142781528769;
2005, 0.0146008959347;
2006, 0.0148268160752;
2007, 0.0155884896916;
2008, 0.0161500626122;
2009, 0.0167116355327;
2010, 0.0170472883128;
2011, 0.017260298731;
2012, 0.0174603994268;
2013, 0.0179445140135;
2014, 0.0181187952647;
