1988, 0.0104633299338;
1989, 0.0100631285421;
1990, 0.00961774312235;
1991, 0.00898516672906;
1992, 0.00891416325635;
1993, 0.00847523269774;
1994, 0.00822349311266;
1995, 0.0080427570003;
1996, 0.00817830908457;
1997, 0.00819121880688;
1998, 0.00818476394573;
1999, 0.00837840978041;
2000, 0.0084235938085;
2001, 0.00849459728121;
2002, 0.00850750700352;
2003, 0.00851396186468;
2004, 0.00895934728444;
2005, 0.00910780909103;
2006, 0.00932727437033;
2007, 0.00926918061992;
2008, 0.00907553478525;
2009, 0.00903035075716;
2010, 0.00912071881334;
2011, 0.0093466389538;
2012, 0.00917881256374;
2013, 0.00894643756213;
2014, 0.00908844450756;
