1988, 0.00447967364222;
1989, 0.00425375350176;
1990, 0.00434412155795;
1991, 0.00452485767031;
1992, 0.00458940628187;
1993, 0.0046733194769;
1994, 0.00471204864383;
1995, 0.00473786808846;
1996, 0.00468622919921;
1997, 0.00467977433805;
1998, 0.00468622919921;
1999, 0.00477659725539;
2000, 0.00474432294961;
2001, 0.00487987503389;
2002, 0.00482823614464;
2003, 0.00492505906198;
2004, 0.00502833684047;
2005, 0.00511870489666;
2006, 0.00533817017596;
2007, 0.00538980906521;
2008, 0.00554472573295;
2009, 0.00555763545526;
2010, 0.00579001045688;
2011, 0.005712552123;
2012, 0.00585455906843;
2013, 0.00589328823537;
2014, 0.00620957643201;
