1988, 0.00020655555699;
1989, 0.000187190973522;
1990, 0.000193645834678;
1991, 0.00020655555699;
1992, 0.000180736112366;
1993, 0.000225920140458;
1994, 0.000264649307393;
1995, 0.00023882986277;
1996, 0.000277559029705;
1997, 0.000451840280916;
1998, 0.000561572920566;
1999, 0.000548663198255;
2000, 0.000535753475943;
2001, 0.000484114586695;
2002, 0.000497024309007;
2003, 0.000522843753631;
2004, 0.000542208337099;
2005, 0.000568027781722;
2006, 0.00065194097675;
2007, 0.000561572920566;
2008, 0.000580937504034;
2009, 0.000568027781722;
2010, 0.000658395837906;
2011, 0.000774583338712;
2012, 0.000929500006455;
2013, 0.00100050347917;
2014, 0.00110378125767;
