1988, 0.020242444585;
1989, 0.0202101702792;
1990, 0.0209976633403;
1991, 0.0213978647319;
1992, 0.0221530834872;
1993, 0.0229276668259;
1994, 0.0235021494688;
1995, 0.0236183369696;
1996, 0.023760343915;
1997, 0.0240185383612;
1998, 0.0245542918372;
1999, 0.0249093092008;
2000, 0.0249286737842;
2001, 0.0330101599515;
2002, 0.0331844412027;
2003, 0.0332231703696;
2004, 0.0329843405068;
2005, 0.0328423335614;
2006, 0.0321516634177;
2007, 0.0318031009153;
2008, 0.0317127328591;
2009, 0.0315513613302;
2010, 0.0311124307716;
2011, 0.0304927641006;
2012, 0.0297052710396;
2013, 0.0291307883967;
2014, 0.0285433960316;
