1992, 0.00262712849047;
1993, 0.00257548960122;
1994, 0.00262712849047;
1995, 0.00259485418469;
1996, 0.00260130904584;
1997, 0.00249803126735;
1998, 0.0024463923781;
1999, 0.00252385071197;
2000, 0.00247221182272;
2001, 0.00248512154504;
2002, 0.00249803126735;
2003, 0.00258839932353;
2004, 0.00255612501775;
2005, 0.00260130904584;
2006, 0.00258839932353;
2007, 0.00279495488052;
2008, 0.00287886807555;
2009, 0.00285304863092;
2010, 0.00287886807555;
2011, 0.00279495488052;
2012, 0.00275622571358;
2013, 0.00272395140781;
2014, 0.00263358335162;
