1988, 0.000884315978363;
1989, 0.000839131950272;
1990, 0.000722944449465;
1991, 0.000819767366804;
1992, 0.000929500006455;
1993, 0.00100050347917;
1994, 0.00103277778495;
1995, 0.000981138895702;
1996, 0.000884315978363;
1997, 0.000929500006455;
1998, 0.00103923264611;
1999, 0.00103923264611;
2000, 0.000981138895702;
2001, 0.00111669097998;
2002, 0.00113605556344;
2003, 0.00118123959154;
2004, 0.00123287848078;
2005, 0.001200604175;
2006, 0.00180090626251;
2007, 0.00179445140135;
2008, 0.00193000348563;
2009, 0.00179445140135;
2010, 0.00186545487407;
2011, 0.00201391668065;
2012, 0.00207201043106;
2013, 0.00198164237487;
2014, 0.00208492015337;
