1988, 0.0124385174475;
1989, 0.011922128555;
1990, 0.0113089167452;
1991, 0.0109668091039;
1992, 0.0106698854908;
1993, 0.0105343334065;
1994, 0.0104504202115;
1995, 0.010431055628;
1996, 0.0103987813222;
1997, 0.0103665070164;
1998, 0.0103729618776;
1999, 0.0104052361834;
2000, 0.0105666077123;
2001, 0.0106311563238;
2002, 0.0107925278527;
2003, 0.0106698854908;
2004, 0.0105214236842;
2005, 0.0106117917404;
2006, 0.010431055628;
2007, 0.0106117917404;
2008, 0.0106440660461;
2009, 0.0105343334065;
2010, 0.0104439653503;
2011, 0.0105601528511;
2012, 0.0104697847949;
2013, 0.0106698854908;
2014, 0.0105666077123;
